1.867707270856683976e+01 -7.939616785217610939e+00 3.525773262544080744e+00 4.039215686274509887e-01 0.000000000000000000e+00 1.215686274509803905e-01
1.062800170455403759e+01 3.459066299409179202e+00 -2.396899286775803617e+01 4.039215686274509887e-01 0.000000000000000000e+00 1.215686274509803905e-01
1.064537660792284512e+01 3.581245469041750340e+00 -2.410635320095086342e+01 4.039215686274509887e-01 0.000000000000000000e+00 1.215686274509803905e-01
1.072834845416403837e+01 3.476190708509701910e+00 -2.404826522865127814e+01 4.692810457516342071e-01 7.071895424836602828e-01 8.352941176470588536e-01
1.070990432597253594e+01 3.539185987755669505e+00 -2.404014860466903514e+01 1.014225297962322303e-01 3.460207612456747683e-01 5.995386389850058118e-01
1.073551226047609930e+01 3.507325997783380167e+00 -2.405443386287778296e+01 3.963860053825453145e-01 6.610534409842369064e-01 8.103806228373702236e-01
1.073700917522787357e+01 3.611924465282969621e+00 -2.417420817744241290e+01 4.039215686274509887e-01 0.000000000000000000e+00 1.215686274509803905e-01
1.073070074877396962e+01 3.598208833542581697e+00 -2.402047931921873314e+01 3.720876585928490354e-01 6.456747404844291882e-01 8.020761245674741247e-01
5.746669621500930525e+00 -1.090286426030669631e+01 -1.845331398521153687e+01 2.470588235294117752e-01 5.557093425605535986e-01 7.540945790080737510e-01
7.826659399711625831e+00 2.373249926756269890e+00 -1.118963896184918916e+01 1.895424836601307117e-01 4.795847750865051551e-01 7.151864667435601230e-01
7.819201556573322165e+00 2.474171209229571122e+00 -1.115449398000607673e+01 4.039215686274509887e-01 0.000000000000000000e+00 1.215686274509803905e-01
7.828503812530775541e+00 2.377410245581632164e+00 -1.121195967780035652e+01 4.039215686274509887e-01 0.000000000000000000e+00 1.215686274509803905e-01
1.907907451127988807e+01 -8.288278343549574601e+00 -4.682730903177901638e+00 3.113417916186083101e-01 6.072279892349096153e-01 7.813148788927335442e-01
1.925293046745022707e+01 -8.097601537514911740e+00 -4.650129130182558690e+00 4.039215686274509887e-01 0.000000000000000000e+00 1.215686274509803905e-01
1.938113052369144995e+01 -8.122697654300161219e+00 -4.584249198860019803e+00 4.039215686274509887e-01 0.000000000000000000e+00 1.215686274509803905e-01
1.947973978296457176e+01 -8.117302660210498289e+00 -4.690766360920322064e+00 4.039215686274509887e-01 0.000000000000000000e+00 1.215686274509803905e-01
1.945236762750355908e+01 -8.044939953415811473e+00 -4.657542313419674507e+00 4.039215686274509887e-01 0.000000000000000000e+00 1.215686274509803905e-01
1.941598725291133576e+01 -2.771292969620119173e+00 -3.910244743374561960e+00 3.599384851980012012e-01 6.379853902345253847e-01 7.979238754325260752e-01
1.939278507425883546e+01 -2.623454027103378827e+00 -3.852237937314798799e+00 4.039215686274509887e-01 0.000000000000000000e+00 1.215686274509803905e-01
1.369007448241081981e+01 6.290409958289241987e-02 -5.085883616375911132e+00 4.039215686274509887e-01 0.000000000000000000e+00 1.215686274509803905e-01
-5.319299411609754280e+00 -2.963794947784618827e+00 -2.444819834766966338e+01 4.449826989619378725e-01 6.918108419838524537e-01 8.269896193771626436e-01
-5.316733272035284230e+00 -2.988944746103098460e+00 -2.439936332670983532e+01 2.522875816993463971e-01 5.626297577854670884e-01 7.576316801230295050e-01
-5.285993058382780774e+00 -2.993561357960919711e+00 -2.444024405616706730e+01 2.313725490196078538e-01 5.349480968858131291e-01 7.434832756632063777e-01
-5.255466689694816118e+00 -3.021234188341232141e+00 -2.440637067874783739e+01 4.039215686274509887e-01 0.000000000000000000e+00 1.215686274509803905e-01
-9.714882657712163194e+00 5.918888355862826245e+00 -3.122214333535674413e+01 4.039215686274509887e-01 0.000000000000000000e+00 1.215686274509803905e-01
-9.792695494183849547e+00 5.891725500048203834e+00 -3.126678476725908240e+01 4.039215686274509887e-01 0.000000000000000000e+00 1.215686274509803905e-01
-9.782885356435615520e+00 5.841855355677088468e+00 -3.128061008344216987e+01 4.039215686274509887e-01 0.000000000000000000e+00 1.215686274509803905e-01
-1.020137995203874937e+01 5.694150616993423952e+00 -2.667226154045734177e+01 4.039215686274509887e-01 0.000000000000000000e+00 1.215686274509803905e-01
-1.085034595817396053e+01 6.025177791659175774e+00 -2.786738031101607405e+01 4.039215686274509887e-01 0.000000000000000000e+00 1.215686274509803905e-01
-1.083746179906047757e+01 5.938401593192105921e+00 -2.793948298739166347e+01 4.039215686274509887e-01 0.000000000000000000e+00 1.215686274509803905e-01
-1.342258011413323260e+01 1.001712448804394029e+01 -2.900825297796014723e+01 4.039215686274509887e-01 0.000000000000000000e+00 1.215686274509803905e-01
-1.332052260480691785e+01 1.001774182567609017e+01 -2.887062209063457985e+01 3.842368319876971472e-01 6.533640907343329918e-01 8.062283737024221741e-01
-1.331103323450549425e+01 1.000491193923400601e+01 -2.890208753627240768e+01 4.692810457516342071e-01 7.071895424836602828e-01 8.352941176470588536e-01
-1.332822102353032889e+01 9.997906499147427795e+00 -2.893788184803409891e+01 4.039215686274509887e-01 0.000000000000000000e+00 1.215686274509803905e-01
-1.325832045074659149e+01 9.960409948185937168e+00 -2.884497355885069325e+01 6.936562860438295619e-01 8.340638216070743738e-01 9.051903114186852228e-01
-1.336861099120766205e+01 9.981828879944899313e+00 -2.885671560821166892e+01 4.039215686274509887e-01 0.000000000000000000e+00 1.215686274509803905e-01
-1.334388516718282247e+01 9.974716076791860786e+00 -2.879575976210502475e+01 5.300269127258749879e-01 7.456362937331797447e-01 8.560553633217994340e-01
-1.335853354725375475e+01 9.985774472637340082e+00 -2.881772875768362852e+01 3.234909650134564219e-01 6.149173394848135299e-01 7.854671280276817047e-01
-1.329793523042746983e+01 1.000501930230046632e+01 -2.879838413719261681e+01 4.039215686274509887e-01 0.000000000000000000e+00 1.215686274509803905e-01
-2.777916873095192329e+01 3.782578059422663674e+00 -3.210609779784955720e+01 4.039215686274509887e-01 0.000000000000000000e+00 1.215686274509803905e-01
-2.774837505605828625e+01 3.891578412647152430e+00 -3.202152257595458451e+01 2.470588235294117752e-01 5.557093425605535986e-01 7.540945790080737510e-01
-1.448162057039284889e+01 -2.089644860659490622e+00 -1.902385854033667201e+01 4.039215686274509887e-01 0.000000000000000000e+00 1.215686274509803905e-01
-2.707674148368192135e+01 5.644173109555847390e+00 -5.961288568274091482e+00 4.039215686274509887e-01 0.000000000000000000e+00 1.215686274509803905e-01
-2.705009105497623167e+01 5.714871688820389650e+00 -5.952549669786543873e+00 4.039215686274509887e-01 0.000000000000000000e+00 1.215686274509803905e-01
-2.704324801611097584e+01 5.627692878854090530e+00 -6.017969659083422407e+00 4.039215686274509887e-01 0.000000000000000000e+00 1.215686274509803905e-01
-1.480586299787534799e+01 1.096323467046452649e+01 1.810378894723572607e+00 4.449826989619378725e-01 6.918108419838524537e-01 8.269896193771626436e-01
-1.475999325298169751e+01 1.100397895418645966e+01 1.780753217188385751e+00 4.039215686274509887e-01 0.000000000000000000e+00 1.215686274509803905e-01
-2.606835555339752020e+01 1.551744174590533198e+01 7.753127475802423341e+00 1.960784313725490169e-02 1.882352941176470562e-01 3.803921568627450789e-01
-2.606966535380532335e+01 1.553631080483584448e+01 7.740925484415785540e+00 4.039215686274509887e-01 0.000000000000000000e+00 1.215686274509803905e-01
-2.606474691962092294e+01 1.554202788812489189e+01 7.728939936335339489e+00 3.963860053825453145e-01 6.610534409842369064e-01 8.103806228373702236e-01
-2.983189327618387665e+01 8.212888156167522880e+00 -3.288159625962185029e+00 2.209150326797387209e-01 5.211072664359863715e-01 7.364090734332949806e-01
-2.849779473428576893e+01 -9.420797650113001964e+00 1.021633346652025232e+01 2.748942714340638638e-01 5.841599384851979826e-01 7.688581314878892847e-01
-2.860960892011917878e+01 -9.429923510762183270e+00 1.016000409608348676e+01 2.470588235294117752e-01 5.557093425605535986e-01 7.540945790080737510e-01
-2.865120176572204613e+01 -9.494636599071526462e+00 1.014818088048268585e+01 4.935793925413304861e-01 7.225682429834681120e-01 8.435986159169550636e-01
-2.860252530566882001e+01 -9.492301452376000981e+00 1.012050319270323762e+01 3.234909650134564219e-01 6.149173394848135299e-01 7.854671280276817047e-01
-2.858549790036738969e+01 -9.455690646712813674e+00 1.011338761901213701e+01 2.627450980392156965e-01 5.764705882352940680e-01 7.647058823529411242e-01
-2.847224026102333738e+01 -9.535380882793459634e+00 1.020445614009290303e+01 4.328335255670897608e-01 6.841214917339486501e-01 8.228373702422145941e-01
-2.865053350020786027e+01 -9.615151641173952157e+00 9.969046989194582764e+00 5.178777393310267652e-01 7.379469434832758301e-01 8.519031141868512735e-01
-1.633554949046508398e+01 9.006695539751505275e-02 6.905724876642981513e+00 2.748942714340638638e-01 5.841599384851979826e-01 7.688581314878892847e-01
-1.631951111812464816e+01 1.686567200469370476e-01 6.903154612381937838e+00 2.261437908496732041e-01 5.280276816608996393e-01 7.399461745482506236e-01
-1.633501487805373742e+01 1.400444628350914766e-01 6.964218680141678774e+00 4.039215686274509887e-01 0.000000000000000000e+00 1.215686274509803905e-01
-1.628403958463171719e+01 6.789648217332701352e-02 6.937731430546293154e+00 4.039215686274509887e-01 0.000000000000000000e+00 1.215686274509803905e-01
-1.607158461236206293e+01 -6.740782233409661761e-02 7.166674337672093387e+00 3.720876585928490354e-01 6.456747404844291882e-01 8.020761245674741247e-01
-1.535934722734382518e+01 1.722111480375434697e-02 6.307827298697688434e+00 5.967704728950405935e-01 7.848519800076895203e-01 8.775086505190312636e-01
-1.640202854381619701e+01 1.339907252836154417e+00 5.602384452987675623e+00 4.039215686274509887e-01 0.000000000000000000e+00 1.215686274509803905e-01
-1.798517627754072379e+01 -6.544690697426206460e-01 6.893495829843068634e+00 2.261437908496732041e-01 5.280276816608996393e-01 7.399461745482506236e-01
-1.800736269261166100e+01 -6.636217711584173617e-01 6.906536539041205458e+00 1.895424836601307117e-01 4.795847750865051551e-01 7.151864667435601230e-01
-1.800076022933151521e+01 -6.317617811861278021e-01 6.901044290146554516e+00 1.424836601307189476e-01 4.173010380622837467e-01 6.833525567089581143e-01
-1.802596720452656953e+01 -5.660824252786360589e-01 6.807351393978196441e+00 4.571318723567860398e-01 6.995001922337563682e-01 8.311418685121108041e-01
-1.809634892848051990e+01 -5.129645481470765933e-01 6.900016184442137046e+00 4.039215686274509887e-01 0.000000000000000000e+00 1.215686274509803905e-01
-1.788386722559029707e+01 -7.768629655081138452e-01 6.840034333213361073e+00 2.104575163398692828e-01 5.072664359861591699e-01 7.293348712033832504e-01
-1.785376854683141090e+01 -8.435085890137542508e-01 6.908646861276588780e+00 2.261437908496732041e-01 5.280276816608996393e-01 7.399461745482506236e-01
-1.781452799583847479e+01 -9.577697324948298840e-01 6.848178012608878262e+00 5.178777393310267652e-01 7.379469434832758301e-01 8.519031141868512735e-01
-1.797953611660100393e+01 -8.664842852363994208e-01 6.991896367921127897e+00 2.870434448289119755e-01 5.918492887351018972e-01 7.730103806228373342e-01
-1.784187342067891890e+01 -8.077566878822548535e-01 7.004477135093604367e+00 2.575163398692810746e-01 5.695501730103805782e-01 7.611687812379853701e-01
-1.784663147113991499e+01 -8.643370239071802574e-01 6.951123860116993569e+00 2.000000000000000111e-01 4.934256055363321902e-01 7.222606689734717422e-01
4.827911461979002006e+00 4.268342253625273308e+00 3.878142965026523115e+00 4.571318723567860398e-01 6.995001922337563682e-01 8.311418685121108041e-01
4.934700291145745155e+00 4.533931639283069970e+00 4.169096879376660070e+00 3.113417916186083101e-01 6.072279892349096153e-01 7.813148788927335442e-01
4.874930623557049536e+00 4.359171407851244240e+00 4.200859934560503994e+00 4.039215686274509887e-01 0.000000000000000000e+00 1.215686274509803905e-01
4.902570085223736385e+00 4.436794904902517267e+00 4.114715498695631801e+00 2.313725490196078538e-01 5.349480968858131291e-01 7.434832756632063777e-01
4.873353516943573993e+00 4.373719103356703997e+00 4.135007058651239298e+00 3.842368319876971472e-01 6.533640907343329918e-01 8.062283737024221741e-01
9.534585670244752009e+00 8.864018313486624834e+00 2.176086915950167899e+00 4.039215686274509887e-01 0.000000000000000000e+00 1.215686274509803905e-01
9.615900218010766665e+00 8.821475698401469501e+00 2.301380534822725199e+00 3.720876585928490354e-01 6.456747404844291882e-01 8.020761245674741247e-01
9.513949631166722654e+00 8.797372689980983651e+00 2.208039359026931159e+00 4.039215686274509887e-01 0.000000000000000000e+00 1.215686274509803905e-01
-7.175741010015326715e+00 1.459363624054200947e+01 2.199868624218139779e+00 2.627450980392156965e-01 5.764705882352940680e-01 7.647058823529411242e-01
-7.080847307001074675e+00 1.452996994213066095e+01 2.314718853566878121e+00 4.571318723567860398e-01 6.995001922337563682e-01 8.311418685121108041e-01
-8.559451583686520593e+00 1.929305186337126443e+01 3.136878752141544879e+00 4.039215686274509887e-01 0.000000000000000000e+00 1.215686274509803905e-01
-8.246516208704029793e+00 3.752435878513749490e+00 5.799807803649099647e+00 4.039215686274509887e-01 0.000000000000000000e+00 1.215686274509803905e-01
-8.251675218473536688e+00 3.785933155249568749e+00 5.728002736819523655e+00 4.039215686274509887e-01 0.000000000000000000e+00 1.215686274509803905e-01
-5.021573759730110886e+00 4.777431074016525336e+00 2.664058349762616462e+00 2.748942714340638638e-01 5.841599384851979826e-01 7.688581314878892847e-01
-5.046353044996085835e+00 4.737223605626896372e+00 2.702368814958803434e+00 4.039215686274509887e-01 0.000000000000000000e+00 1.215686274509803905e-01
-5.028764296662740385e+00 4.730916025472314601e+00 2.714679027998538441e+00 4.039215686274509887e-01 0.000000000000000000e+00 1.215686274509803905e-01
-1.037801589274809366e+01 2.718610070794559963e+00 3.445662183839342418e+00 4.039215686274509887e-01 0.000000000000000000e+00 1.215686274509803905e-01
-1.038640930760625558e+01 2.799400778306431636e+00 3.481429440187759905e+00 4.039215686274509887e-01 0.000000000000000000e+00 1.215686274509803905e-01
-1.042810907569139189e+01 2.840816081193746623e+00 3.542277064641308204e+00 4.039215686274509887e-01 0.000000000000000000e+00 1.215686274509803905e-01
-1.029079387783668409e+01 2.842211801057739073e+00 3.646332184093663109e+00 4.039215686274509887e-01 0.000000000000000000e+00 1.215686274509803905e-01
-1.029197002514164971e+01 2.834857431005163075e+00 3.640434103999899751e+00 4.039215686274509887e-01 0.000000000000000000e+00 1.215686274509803905e-01
-1.030808858934378947e+01 2.849834578776467175e+00 3.652527873733442121e+00 4.039215686274509887e-01 0.000000000000000000e+00 1.215686274509803905e-01
-1.022450193882954572e+01 2.826348907988132098e+00 3.655585135433420341e+00 6.064590542099195236e-01 7.897731641676279946e-01 8.802768166089965929e-01
-1.029493712402463146e+01 2.817679340371409769e+00 3.585214005507373347e+00 4.039215686274509887e-01 0.000000000000000000e+00 1.215686274509803905e-01
-1.028969792239342240e+01 2.835072157138085025e+00 3.584781118894987184e+00 2.522875816993463971e-01 5.626297577854670884e-01 7.576316801230295050e-01
-1.032696040746436950e+01 2.725749714714213567e+00 3.598931100037364050e+00 4.085351787773934817e-01 6.687427912341408209e-01 8.145328719723183841e-01
-1.031846007012393862e+01 2.806406218393008967e+00 3.599661596195765867e+00 1.014225297962322303e-01 3.460207612456747683e-01 5.995386389850058118e-01
-1.034879932446793127e+01 2.774465706120873509e+00 3.623308027397367237e+00 4.039215686274509887e-01 0.000000000000000000e+00 1.215686274509803905e-01
-1.028149162187923160e+01 2.808553479722228019e+00 3.619547324952261391e+00 1.529411764705882470e-01 4.311418685121107819e-01 6.904267589388697335e-01
-1.028098374008845006e+01 2.782705821471752383e+00 3.620494264416856289e+00 4.039215686274509887e-01 0.000000000000000000e+00 1.215686274509803905e-01
-1.028488641069129095e+01 2.781578509273912481e+00 3.568845480476516840e+00 2.104575163398692828e-01 5.072664359861591699e-01 7.293348712033832504e-01
-1.029130175962746563e+01 2.810512855685140643e+00 3.573769565692410666e+00 4.039215686274509887e-01 0.000000000000000000e+00 1.215686274509803905e-01
-1.029199675576221829e+01 2.775485655252252659e+00 3.661726714246650527e+00 4.039215686274509887e-01 0.000000000000000000e+00 1.215686274509803905e-01
1.876795681849598196e+01 -8.002987835196192279e+00 3.587053773610015206e+00 5.300269127258749879e-01 7.456362937331797447e-01 8.560553633217994340e-01
1.871500345915197272e+01 -7.998398064104986105e+00 3.604693903064756455e+00 2.991926182237601428e-01 5.995386389850057007e-01 7.771626297577853837e-01
1.875344209152788721e+01 -7.986266037594897504e+00 3.557265763595183650e+00 2.470588235294117752e-01 5.557093425605535986e-01 7.540945790080737510e-01
1.872176630615552284e+01 -8.039571800092764065e+00 3.576366885366728532e+00 3.842368319876971472e-01 6.533640907343329918e-01 8.062283737024221741e-01
1.853532022769794452e+01 -7.896698399399842749e+00 3.543765112371386028e+00 4.039215686274509887e-01 0.000000000000000000e+00 1.215686274509803905e-01
1.861765053904552047e+01 -7.931135102967195039e+00 3.563813173607526252e+00 3.356401384083045891e-01 6.226066897347174445e-01 7.896193771626297542e-01
1.867961211752074036e+01 -7.963075615239330496e+00 3.523798217375068376e+00 1.790849673202614678e-01 4.657439446366782310e-01 7.081122645136486149e-01
1.864261693865546832e+01 -7.996680255041610508e+00 3.539787966620086657e+00 4.814302191464823188e-01 7.148788927335641974e-01 8.394463667820070141e-01
1.863045450629730126e+01 -2.795932793372909675e+00 -2.670268097607300106e+00 3.477893118031527564e-01 6.302960399846213591e-01 7.937716262975778037e-01
1.863002681636822544e+01 -2.800522564464115405e+00 -2.704303807506172497e+00 2.470588235294117752e-01 5.557093425605535986e-01 7.540945790080737510e-01
1.864042502776894139e+01 -2.818076425830482457e+00 -2.697675231254007322e+00 4.039215686274509887e-01 0.000000000000000000e+00 1.215686274509803905e-01
1.865365668494980156e+01 -2.805300220921628007e+00 -2.689775050577957405e+00 2.000000000000000111e-01 4.934256055363321902e-01 7.222606689734717422e-01
1.863526601799943450e+01 -2.815929164501262960e+00 -2.678168278283350023e+00 2.261437908496732041e-01 5.280276816608996393e-01 7.399461745482506236e-01
1.864844421393915752e+01 -2.793946576643381530e+00 -2.654088960469362490e+00 2.870434448289119755e-01 5.918492887351018972e-01 7.730103806228373342e-01
1.863975676225475553e+01 -2.737446762918302134e+00 -2.646297001446409336e+00 4.039215686274509887e-01 0.000000000000000000e+00 1.215686274509803905e-01
1.867474714457747709e+01 -2.775131199246098745e+00 -2.691398375374406182e+00 4.039215686274509887e-01 0.000000000000000000e+00 1.215686274509803905e-01
1.867889039076542090e+01 -2.766971606195065547e+00 -2.677816557910785988e+00 3.113417916186083101e-01 6.072279892349096153e-01 7.813148788927335442e-01
1.865138458220157247e+01 -2.726495730139284035e+00 -2.697864619146926213e+00 1.424836601307189476e-01 4.173010380622837467e-01 6.833525567089581143e-01
1.862772798299942778e+01 -2.749686152494851488e+00 -2.703383923454851345e+00 3.720876585928490354e-01 6.456747404844291882e-01 8.020761245674741247e-01
1.861230441493204069e+01 -2.743620139239807187e+00 -2.654738290387941735e+00 2.748942714340638638e-01 5.841599384851979826e-01 7.688581314878892847e-01
1.858621532925826259e+01 -2.738842482782294585e+00 -2.662043251971960345e+00 3.963860053825453145e-01 6.610534409842369064e-01 8.103806228373702236e-01
1.859164164523344454e+01 -2.740855540278437363e+00 -2.682226590274471523e+00 3.356401384083045891e-01 6.226066897347174445e-01 7.896193771626297542e-01
1.815478311330051042e+01 -2.842259956550813094e+00 -2.661637420772848373e+00 4.039215686274509887e-01 0.000000000000000000e+00 1.215686274509803905e-01
1.814967756477213712e+01 -2.738735119715833388e+00 -2.598841806563561896e+00 3.599384851980012012e-01 6.379853902345253847e-01 7.979238754325260752e-01
1.816135884596009120e+01 -2.774057568581488997e+00 -2.521355102946415183e+00 4.039215686274509887e-01 0.000000000000000000e+00 1.215686274509803905e-01
1.816766727241399337e+01 -2.783988652229127947e+00 -2.525061694564973092e+00 4.039215686274509887e-01 0.000000000000000000e+00 1.215686274509803905e-01
1.819145752471897737e+01 -2.791343022281703501e+00 -2.547138911796674066e+00 4.449826989619378725e-01 6.918108419838524537e-01 8.269896193771626436e-01
1.818696678046365278e+01 -2.801810921261647103e+00 -2.543648763484309239e+00 3.963860053825453145e-01 6.610534409842369064e-01 8.103806228373702236e-01
1.814238010535724044e+01 -2.792577697546004600e+00 -2.556500084789527616e+00 3.963860053825453145e-01 6.610534409842369064e-01 8.103806228373702236e-01
1.786534395379675999e+01 -2.959634628959256553e+00 -2.426174159047979284e+00 4.039215686274509887e-01 0.000000000000000000e+00 1.215686274509803905e-01
1.875985744046406012e+01 -3.282448529040745466e+00 -2.693211088063773850e+00 4.039215686274509887e-01 0.000000000000000000e+00 1.215686274509803905e-01
1.869821662943564888e+01 -2.765280637898305471e+00 -2.688557556980621044e+00 5.300269127258749879e-01 7.456362937331797447e-01 8.560553633217994340e-01
1.872056342822999042e+01 -3.257271889955650312e+00 -2.726029304365309436e+00 2.261437908496732041e-01 5.280276816608996393e-01 7.399461745482506236e-01
1.866555181110229000e+01 -2.896800394312980309e+00 -2.829164539766343633e+00 4.039215686274509887e-01 0.000000000000000000e+00 1.215686274509803905e-01
1.863590755289305179e+01 -2.748639362596856817e+00 -2.728545457799804730e+00 2.991926182237601428e-01 5.995386389850057007e-01 7.771626297577853837e-01
1.863796581067673941e+01 -2.736883106819381961e+00 -2.759226296452683247e+00 3.113417916186083101e-01 6.072279892349096153e-01 7.813148788927335442e-01
1.865063612482568445e+01 -2.810748896544521980e+00 -2.784550163277281332e+00 4.039215686274509887e-01 0.000000000000000000e+00 1.215686274509803905e-01
1.866017895636824520e+01 -2.833134095901631788e+00 -2.804327670380680093e+00 4.039215686274509887e-01 0.000000000000000000e+00 1.215686274509803905e-01
1.863056142877957200e+01 -2.752531273756066987e+00 -2.730331115075898207e+00 3.356401384083045891e-01 6.226066897347174445e-01 7.896193771626297542e-01
1.864488904140369385e+01 -2.717665117922870355e+00 -2.711067660824708181e+00 4.039215686274509887e-01 0.000000000000000000e+00 1.215686274509803905e-01
1.873069433342503132e+01 -2.716108353459186553e+00 -2.686474290158511913e+00 4.814302191464823188e-01 7.148788927335641974e-01 8.394463667820070141e-01
1.860789386253842181e+01 -2.719195041619939079e+00 -2.702599316469901147e+00 2.104575163398692828e-01 5.072664359861591699e-01 7.293348712033832504e-01
1.867413234030442482e+01 -2.665271941489922192e+00 -2.661096312507365447e+00 4.039215686274509887e-01 0.000000000000000000e+00 1.215686274509803905e-01
6.954359058735829713e+00 2.878876288254156535e+00 2.867731500890366991e+00 2.522875816993463971e-01 5.626297577854670884e-01 7.576316801230295050e-01
6.956096549072710467e+00 3.053260748953368964e+00 2.940104731398700544e+00 2.104575163398692828e-01 5.072664359861591699e-01 7.293348712033832504e-01
6.936770310402483375e+00 3.001672795518878445e+00 2.966456703927716099e+00 1.947712418300653892e-01 4.865051903114187004e-01 7.187235678585159881e-01
9.828756149588931734e+00 -7.689756088796343647e+00 9.627715895327991547e+00 5.178777393310267652e-01 7.379469434832758301e-01 8.519031141868512735e-01
3.012768672350055521e+00 1.536891639025399048e+00 1.776920380236991903e+01 4.039215686274509887e-01 0.000000000000000000e+00 1.215686274509803905e-01
2.953988037722353965e+00 1.611723696348687396e+00 1.783305457769689895e+01 3.234909650134564219e-01 6.149173394848135299e-01 7.854671280276817047e-01
2.915789980931546843e+00 1.647207189814034356e+00 1.782020325639167879e+01 4.039215686274509887e-01 0.000000000000000000e+00 1.215686274509803905e-01
3.031934527296877402e+00 1.604154600163189892e+00 1.787223081611785958e+01 4.814302191464823188e-01 7.148788927335641974e-01 8.394463667820070141e-01
2.981761152491877453e+00 1.656064642797063557e+00 1.788280948270804771e+01 4.039215686274509887e-01 0.000000000000000000e+00 1.215686274509803905e-01
2.920467839530841214e+00 1.660251802389040909e+00 1.787396236256740423e+01 4.039215686274509887e-01 0.000000000000000000e+00 1.215686274509803905e-01
2.932790655612409925e+00 1.659983394722888583e+00 1.785023476512597895e+01 5.300269127258749879e-01 7.456362937331797447e-01 8.560553633217994340e-01
2.942761177084048274e+00 1.642966348688826406e+00 1.789390220215044636e+01 4.039215686274509887e-01 0.000000000000000000e+00 1.215686274509803905e-01
2.959414353697535471e+00 1.630270666079818076e+00 1.784991010016668866e+01 6.064590542099195236e-01 7.897731641676279946e-01 8.802768166089965929e-01
2.939393118892556611e+00 1.613038893912834171e+00 1.787190615115856929e+01 3.842368319876971472e-01 6.533640907343329918e-01 8.062283737024221741e-01
2.964787208431581611e+00 1.613897798444521747e+00 1.784766450086493705e+01 3.234909650134564219e-01 6.149173394848135299e-01 7.854671280276817047e-01
2.940034653786173902e+00 1.575032368385654635e+00 1.784230752903665618e+01 5.421760861207230997e-01 7.533256439830836593e-01 8.602076124567474835e-01
2.892480879796778481e+00 1.545507525108891000e+00 1.780813654207141283e+01 2.366013071895425035e-01 5.418685121107266189e-01 7.470203767781622428e-01
-9.737416570850475850e+00 -1.593902414109074606e+01 1.706762988075810838e+01 5.967704728950405935e-01 7.848519800076895203e-01 8.775086505190312636e-01
-9.788338403031364265e+00 -1.593733317279398598e+01 1.702323194757524050e+01 4.814302191464823188e-01 7.148788927335641974e-01 8.394463667820070141e-01
-9.748857276453321674e+00 -1.592410067485267255e+01 1.704336117505120285e+01 3.356401384083045891e-01 6.226066897347174445e-01 7.896193771626297542e-01
-9.805205424609390263e+00 -1.589967557723280578e+01 1.706903676224836630e+01 4.039215686274509887e-01 0.000000000000000000e+00 1.215686274509803905e-01
-9.750380921825662739e+00 -1.584561827326971262e+01 1.705862042813782153e+01 5.300269127258749879e-01 7.456362937331797447e-01 8.560553633217994340e-01
-9.751316493545521880e+00 -1.586792295032697631e+01 1.705997319880152929e+01 1.843137254901960898e-01 4.726643598615916653e-01 7.116493656286043690e-01
-9.718143793421385013e+00 -1.583901544468236366e+01 1.706162357901125048e+01 4.692810457516342071e-01 7.071895424836602828e-01 8.352941176470588536e-01
-9.744152687233460952e+00 -1.592818047137818915e+01 1.705816048611216118e+01 3.356401384083045891e-01 6.226066897347174445e-01 7.896193771626297542e-01
-9.831000473456926514e+00 -1.587329110365002371e+01 1.714089593990448890e+01 5.178777393310267652e-01 7.379469434832758301e-01 8.519031141868512735e-01
-9.589489316630514182e+00 -1.574934044342084682e+01 1.721329622582609886e+01 5.543252595155715445e-01 7.610149942329877959e-01 8.643598615916957550e-01
1.993873126872730950e+01 3.313589344354579413e+00 1.509388337158280713e+01 4.039215686274509887e-01 0.000000000000000000e+00 1.215686274509803905e-01
1.990061340379820365e+01 3.455764885115504725e+00 1.513265377880465579e+01 4.039215686274509887e-01 0.000000000000000000e+00 1.215686274509803905e-01
1.986278957569533787e+01 3.445726438401405023e+00 1.513571104050463312e+01 4.039215686274509887e-01 0.000000000000000000e+00 1.215686274509803905e-01
1.988216927560669944e+01 3.367136673751983000e+00 1.524728756484720016e+01 4.328335255670897608e-01 6.841214917339486501e-01 8.228373702422145941e-01
1.987797256817761848e+01 3.354628876509281099e+00 1.516601310337167341e+01 4.039215686274509887e-01 0.000000000000000000e+00 1.215686274509803905e-01
1.990505068681239109e+01 3.339275958005364142e+00 1.515703070616465808e+01 4.039215686274509887e-01 0.000000000000000000e+00 1.215686274509803905e-01
1.994541392386915746e+01 3.332512084818323395e+00 1.513641448124976030e+01 4.328335255670897608e-01 6.841214917339486501e-01 8.228373702422145941e-01
1.995912673222023059e+01 3.324513536366981992e+00 1.509621013712438398e+01 4.449826989619378725e-01 6.918108419838524537e-01 8.269896193771626436e-01
1.998756811250393994e+01 3.324379332533905718e+00 1.512597109172594223e+01 3.356401384083045891e-01 6.226066897347174445e-01 7.896193771626297542e-01
1.996332343964931155e+01 3.340134862537051497e+00 1.517783631897247432e+01 4.039215686274509887e-01 0.000000000000000000e+00 1.215686274509803905e-01
2.016810672381612335e+01 3.272227723000495025e+00 1.515321589289300341e+01 4.039215686274509887e-01 0.000000000000000000e+00 1.215686274509803905e-01
1.995642693954292213e+01 3.309133777096449514e+00 1.509144838438813530e+01 4.328335255670897608e-01 6.841214917339486501e-01 8.228373702422145941e-01
2.001296220204296361e+01 3.236502662635611038e+00 1.510770868776589460e+01 5.057285659361786534e-01 7.302575932333719155e-01 8.477508650519032241e-01
1.993354552833723403e+01 3.309053254796603838e+00 1.515965508125225014e+01 3.113417916186083101e-01 6.072279892349096153e-01 7.813148788927335442e-01
1.993453456129822854e+01 3.299954234914037610e+00 1.515773414690978527e+01 3.720876585928490354e-01 6.456747404844291882e-01 8.020761245674741247e-01
1.993464148378049572e+01 3.315333994184570088e+00 1.512691803119053624e+01 5.664744329104193232e-01 7.687043444828914884e-01 8.685121107266436935e-01
-2.290238085339527530e+01 -2.134217782380497042e+01 1.684804814662516392e+01 4.039215686274509887e-01 0.000000000000000000e+00 1.215686274509803905e-01
-2.297246854052298559e+01 -2.128393336024990035e+01 1.685381094965255500e+01 4.039215686274509887e-01 0.000000000000000000e+00 1.215686274509803905e-01
-2.291235137486691187e+01 -2.132757644676627962e+01 1.684826458993135745e+01 4.039215686274509887e-01 0.000000000000000000e+00 1.215686274509803905e-01
-2.782084176841649281e+01 -1.654210932616856766e+01 -2.745018583832878178e+01 4.039215686274509887e-01 0.000000000000000000e+00 1.215686274509803905e-01
-2.784775950332786110e+01 -1.658585977575140902e+01 -2.749480021481784320e+01 4.039215686274509887e-01 0.000000000000000000e+00 1.215686274509803905e-01
-2.794463127226410037e+01 -1.659270417123829588e+01 -2.750908547302659102e+01 4.039215686274509887e-01 0.000000000000000000e+00 1.215686274509803905e-01
-2.226544362651539188e+01 2.839314537660214910e+01 -1.490356259740411460e+01 4.039215686274509887e-01 0.000000000000000000e+00 1.215686274509803905e-01
-3.894824641573283230e+00 2.865782217619502958e+01 1.674127833474986948e+00 4.039215686274509887e-01 0.000000000000000000e+00 1.215686274509803905e-01
-3.921100841591032449e+00 2.861527956110987603e+01 1.679565971543089731e+00 4.039215686274509887e-01 0.000000000000000000e+00 1.215686274509803905e-01
