4.516047772524662385e+00 -1.609388785292652457e+01 2.353806593836696237e+01 4.039215686274509887e-01 0.000000000000000000e+00 1.215686274509803905e-01
4.546101754099259651e+00 -1.606448555599881090e+01 2.349271182509004774e+01 4.039215686274509887e-01 0.000000000000000000e+00 1.215686274509803905e-01
4.423171923110187365e+00 -1.602348709455003828e+01 2.346025152499030852e+01 2.052287581699346330e-01 5.003460207612456800e-01 7.257977700884274963e-01
4.525621825183459457e+00 -1.608517488778091931e+01 2.355507373084580536e+01 2.748942714340638638e-01 5.841599384851979826e-01 7.688581314878892847e-01
4.551831108446256380e+00 -1.601103547526922810e+01 2.351175152198008078e+01 2.627450980392156965e-01 5.764705882352940680e-01 7.647058823529411242e-01
4.590479121541348739e+00 -1.611134546672735368e+01 2.358296851733027921e+01 4.039215686274509887e-01 0.000000000000000000e+00 1.215686274509803905e-01
4.582563566193524451e+00 -1.620478013659785432e+01 2.358708249663194678e+01 4.039215686274509887e-01 0.000000000000000000e+00 1.215686274509803905e-01
4.599977787958738240e+00 -1.623586165953544835e+01 2.358296851733027921e+01 4.039215686274509887e-01 0.000000000000000000e+00 1.215686274509803905e-01
4.649858351023601344e+00 -1.617392039822760452e+01 2.354749798847322495e+01 4.039215686274509887e-01 0.000000000000000000e+00 1.215686274509803905e-01
4.585403114619887255e+00 -1.616086679226400946e+01 2.342558372380187137e+01 2.209150326797387209e-01 5.211072664359863715e-01 7.364090734332949806e-01
4.465966179482711240e+00 -1.623947357963217186e+01 2.345553549993717724e+01 4.039215686274509887e-01 0.000000000000000000e+00 1.215686274509803905e-01
4.499286898184982952e+00 -1.612059705153650313e+01 2.355848532343743074e+01 1.100346020761245741e-01 3.626297577854671328e-01 6.226066897347174445e-01
4.451240733661044224e+00 -1.612161092384435790e+01 2.355718089097592838e+01 4.039215686274509887e-01 0.000000000000000000e+00 1.215686274509803905e-01
4.460513241354210123e+00 -1.613463284629833439e+01 2.348990227824988608e+01 1.229527104959630968e-01 3.875432525951557072e-01 6.572087658592848936e-01
1.017509188503511020e+01 3.376052642036783169e+01 9.518577717392089355e+00 4.039215686274509887e-01 0.000000000000000000e+00 1.215686274509803905e-01
-1.033468998236250158e+01 8.523502084897758735e+00 -2.152711554832481866e+01 4.039215686274509887e-01 0.000000000000000000e+00 1.215686274509803905e-01
-8.131577334712266847e+00 8.968211825929424563e+00 -2.290738068927376148e+01 4.039215686274509887e-01 0.000000000000000000e+00 1.215686274509803905e-01
-1.230287397303873220e+01 5.854641652024977105e+00 -2.423080267718869862e+01 4.039215686274509887e-01 0.000000000000000000e+00 1.215686274509803905e-01
-1.865263195807506591e+01 -3.029921381683742698e+00 1.259608508743549748e+01 4.039215686274509887e-01 0.000000000000000000e+00 1.215686274509803905e-01
1.846147215434491784e+01 7.465558015163622052e+00 1.241845650551412739e+01 4.039215686274509887e-01 0.000000000000000000e+00 1.215686274509803905e-01
3.032083359267419809e+01 -2.104826267787862637e+00 6.223656575351435016e+00 4.039215686274509887e-01 0.000000000000000000e+00 1.215686274509803905e-01
2.479826370585909956e+01 4.106060439585777821e+00 -1.458452462436520314e+01 4.039215686274509887e-01 0.000000000000000000e+00 1.215686274509803905e-01
2.471792710126546666e+01 4.299900151443267760e+00 -1.471777741735578537e+01 4.039215686274509887e-01 0.000000000000000000e+00 1.215686274509803905e-01
2.466055817155409002e+01 4.217618076959138484e+00 -1.466018170713244650e+01 4.039215686274509887e-01 0.000000000000000000e+00 1.215686274509803905e-01
2.467427846749031772e+01 4.151938161516088854e+00 -1.467999904645145293e+01 2.156862745098039325e-01 5.141868512110726597e-01 7.328719723183391155e-01
2.477162723389499277e+01 3.966906465333064791e+00 -1.451295643565998361e+01 4.039215686274509887e-01 0.000000000000000000e+00 1.215686274509803905e-01
2.475484123080817866e+01 4.041584497508302398e+00 -1.453011473957669253e+01 4.039215686274509887e-01 0.000000000000000000e+00 1.215686274509803905e-01
2.474903649021977259e+01 4.068483797176005723e+00 -1.462247859194704702e+01 4.039215686274509887e-01 0.000000000000000000e+00 1.215686274509803905e-01
2.467040864043138271e+01 4.104064378479693964e+00 -1.466778253474467242e+01 1.424836601307189476e-01 4.173010380622837467e-01 6.833525567089581143e-01
2.477785916318470782e+01 4.041362712940959945e+00 -1.465727181933370638e+01 1.186466743560169318e-01 3.792387543252595528e-01 6.456747404844290772e-01
2.480356587150478731e+01 3.945678513887409977e+00 -1.461477742337624264e+01 4.039215686274509887e-01 0.000000000000000000e+00 1.215686274509803905e-01
1.967287879627484770e+01 -1.237712702286926358e+01 -1.036511206047309663e+01 4.039215686274509887e-01 0.000000000000000000e+00 1.215686274509803905e-01
2.101500518080599278e+01 3.703141247743394260e+00 -3.149267621067998846e+00 4.039215686274509887e-01 0.000000000000000000e+00 1.215686274509803905e-01
9.645176865432173230e+00 -4.168246515324786294e+00 -1.462792208894986246e+01 4.039215686274509887e-01 0.000000000000000000e+00 1.215686274509803905e-01
9.874677713024814452e+00 -3.994462465056997313e+00 -1.451744669355631423e+01 4.039215686274509887e-01 0.000000000000000000e+00 1.215686274509803905e-01
9.827963372099080885e+00 -4.123065830606122972e+00 -1.458153948084753004e+01 4.039215686274509887e-01 0.000000000000000000e+00 1.215686274509803905e-01
9.893474015882505412e+00 -4.046169952757458610e+00 -1.452472141305316455e+01 4.039215686274509887e-01 0.000000000000000000e+00 1.215686274509803905e-01
9.765267147994883601e+00 -4.120847984932696662e+00 -1.463055603911251445e+01 1.057285659361784091e-01 3.543252595155709228e-01 6.110726643598616281e-01
9.775318646849264326e+00 -4.157949374698162615e+00 -1.460542062898891480e+01 4.039215686274509887e-01 0.000000000000000000e+00 1.215686274509803905e-01
9.697595431957767076e+00 -4.104119091853135615e+00 -1.471022676022284692e+01 4.039215686274509887e-01 0.000000000000000000e+00 1.215686274509803905e-01
9.651911369664608387e+00 -4.265990142503661708e+00 -1.462167586427842814e+01 4.039215686274509887e-01 0.000000000000000000e+00 1.215686274509803905e-01
2.016290264934524235e+00 1.378068346918831466e+01 -1.759247062487493451e+01 4.039215686274509887e-01 0.000000000000000000e+00 1.215686274509803905e-01
2.016667196141563423e+00 1.387557558050135498e+01 -1.758456877438697674e+01 1.320261437908497038e-01 4.034602076124567671e-01 6.762783544790466062e-01
2.091249317641065808e+00 1.392484343796104795e+01 -1.744504467148531646e+01 4.085351787773934817e-01 6.687427912341408209e-01 8.145328719723183841e-01
1.958393631533292822e+00 1.384674358674680938e+01 -1.746727019381017598e+01 4.039215686274509887e-01 0.000000000000000000e+00 1.215686274509803905e-01
-5.425286654411746845e+00 8.910959724045396158e+00 -2.410442323986065816e+01 4.039215686274509887e-01 0.000000000000000000e+00 1.215686274509803905e-01
-5.400987155931281869e+00 9.067412894550837876e+00 -2.414601456719092454e+01 4.039215686274509887e-01 0.000000000000000000e+00 1.215686274509803905e-01
-1.032370871986409178e+01 8.458170688060533848e+00 -2.153208242577439080e+01 4.039215686274509887e-01 0.000000000000000000e+00 1.215686274509803905e-01
-1.031172230748024354e+01 8.479810525131254551e+00 -2.150787516951763223e+01 4.039215686274509887e-01 0.000000000000000000e+00 1.215686274509803905e-01
-1.025495646770012925e+01 8.384664945741249653e+00 -2.146851642851570574e+01 1.143406382160707530e-01 3.709342560553633428e-01 6.341407151095732608e-01
-8.292351058888081994e+00 8.975403982613251230e+00 -2.301502145258750431e+01 2.991926182237601428e-01 5.995386389850057007e-01 7.771626297577853837e-01
-8.292828505083663870e+00 8.899363559524337219e+00 -2.308009256422484512e+01 1.100346020761245741e-01 3.626297577854671328e-01 6.226066897347174445e-01
-8.415356276118561851e+00 8.885010929666304236e+00 -2.309772748769479733e+01 4.039215686274509887e-01 0.000000000000000000e+00 1.215686274509803905e-01
-8.315695664977379664e+00 8.992608128337117535e+00 -2.289907747495149692e+01 4.039215686274509887e-01 0.000000000000000000e+00 1.215686274509803905e-01
-8.327606691119820326e+00 8.796487203786961473e+00 -2.306205627692058613e+01 4.039215686274509887e-01 0.000000000000000000e+00 1.215686274509803905e-01
-8.273253211064758972e+00 8.789073262535792352e+00 -2.324859011891568628e+01 4.039215686274509887e-01 0.000000000000000000e+00 1.215686274509803905e-01
-9.530268529046438175e+00 7.052500100242716563e+00 -2.421429658950274089e+01 1.686274509803921684e-01 4.519031141868511958e-01 7.010380622837369957e-01
-9.605805542937106978e+00 7.014226420621296754e+00 -2.422581071449948098e+01 4.039215686274509887e-01 0.000000000000000000e+00 1.215686274509803905e-01
-9.364820857903335849e+00 7.476900711607718186e+00 -2.510647822269232066e+01 1.100346020761245741e-01 3.626297577854671328e-01 6.226066897347174445e-01
-1.397378488509666106e+01 5.366652236851870761e+00 -2.362376496303600604e+01 4.039215686274509887e-01 0.000000000000000000e+00 1.215686274509803905e-01
-1.215830829076560526e+01 6.006088828010398117e+00 -2.431754743587872625e+01 4.039215686274509887e-01 0.000000000000000000e+00 1.215686274509803905e-01
-1.112672296334054245e+01 9.153180155093208370e+00 -2.216433080576961601e+01 4.039215686274509887e-01 0.000000000000000000e+00 1.215686274509803905e-01
-1.108865291142957687e+01 8.967261320640814048e+00 -2.222997887791877858e+01 4.039215686274509887e-01 0.000000000000000000e+00 1.215686274509803905e-01
-1.100472289599550102e+01 8.921003396595057922e+00 -2.228800103721606973e+01 4.039215686274509887e-01 0.000000000000000000e+00 1.215686274509803905e-01
-1.307359777644548693e+01 6.480390967027498839e+00 -2.127071931392030990e+01 4.039215686274509887e-01 0.000000000000000000e+00 1.215686274509803905e-01
-1.309400231911987866e+01 6.570974121032167936e+00 -2.128637250345836307e+01 4.039215686274509887e-01 0.000000000000000000e+00 1.215686274509803905e-01
-1.312370449823457363e+01 6.519298316841326546e+00 -2.121583280957855777e+01 4.039215686274509887e-01 0.000000000000000000e+00 1.215686274509803905e-01
-1.696131650334274354e+01 4.398277448814550183e+00 -2.278383588402552817e+01 1.947712418300653892e-01 4.865051903114187004e-01 7.187235678585159881e-01
-1.702923950685121923e+01 4.470610901277879634e+00 -2.280355288238595790e+01 4.039215686274509887e-01 0.000000000000000000e+00 1.215686274509803905e-01
-1.693050865935406790e+01 4.553431595425555756e+00 -2.276587485244020215e+01 4.039215686274509887e-01 0.000000000000000000e+00 1.215686274509803905e-01
-1.694478178772729038e+01 4.503530067773455769e+00 -2.293607820342685599e+01 4.039215686274509887e-01 0.000000000000000000e+00 1.215686274509803905e-01
-1.691653707594647926e+01 4.506191482581567875e+00 -2.289130105066175958e+01 4.039215686274509887e-01 0.000000000000000000e+00 1.215686274509803905e-01
-1.862187437158066317e+01 3.414536158611344963e+00 -2.296096276115401125e+01 4.039215686274509887e-01 0.000000000000000000e+00 1.215686274509803905e-01
-6.971508723181086609e+00 -1.342341156106310152e+01 -2.369500704362584997e+01 4.039215686274509887e-01 0.000000000000000000e+00 1.215686274509803905e-01
-6.917532174333063111e+00 -1.332595308547080926e+01 -2.357296735275627597e+01 4.039215686274509887e-01 0.000000000000000000e+00 1.215686274509803905e-01
-6.917230629367431938e+00 -1.343950678395025555e+01 -2.364330636471892433e+01 4.039215686274509887e-01 0.000000000000000000e+00 1.215686274509803905e-01
-1.575822747671481672e+01 -3.087363584625493207e+00 -6.984524825047119911e+00 4.039215686274509887e-01 0.000000000000000000e+00 1.215686274509803905e-01
-1.774726832751388628e+01 -2.360575557443576944e+00 -2.846639289999026268e+00 2.418300653594771255e-01 5.487889273356401088e-01 7.505574778931179969e-01
-1.770678591587786954e+01 -2.401193816776904910e+00 -2.984106403249852768e+00 2.748942714340638638e-01 5.841599384851979826e-01 7.688581314878892847e-01
-1.779363086597971488e+01 -2.364631046674985360e+00 -2.993889646711134223e+00 4.039215686274509887e-01 0.000000000000000000e+00 1.215686274509803905e-01
-1.786655449016824448e+01 -2.341945653786792647e+00 -2.884693598539446402e+00 4.039215686274509887e-01 0.000000000000000000e+00 1.215686274509803905e-01
-1.760564270865566527e+01 -2.313905747772755817e+00 -2.956713321558264607e+00 2.627450980392156965e-01 5.764705882352940680e-01 7.647058823529411242e-01
-1.781303025876866997e+01 -2.248479300406669434e+00 -3.090492904581377154e+00 2.627450980392156965e-01 5.764705882352940680e-01 7.647058823529411242e-01
-1.764160194580720997e+01 -2.369256839079560972e+00 -3.055599336236139774e+00 4.039215686274509887e-01 0.000000000000000000e+00 1.215686274509803905e-01
-1.767235953230161627e+01 -2.424702980915227624e+00 -3.035355547843180624e+00 2.261437908496732041e-01 5.280276816608996393e-01 7.399461745482506236e-01
-1.760119492041260258e+01 -2.583944300267261962e+00 -2.982927396986569946e+00 4.039215686274509887e-01 0.000000000000000000e+00 1.215686274509803905e-01
-1.762954014718195594e+01 -2.647944989700431240e+00 -2.949288090623548353e+00 4.039215686274509887e-01 0.000000000000000000e+00 1.215686274509803905e-01
-1.765889052383674596e+01 -2.481353096116468482e+00 -2.966320968342035957e+00 1.738562091503268181e-01 4.588235294117647411e-01 7.045751633986928608e-01
-1.765127651345455106e+01 -2.491713603762333307e+00 -2.993563538595758189e+00 2.209150326797387209e-01 5.211072664359863715e-01 7.364090734332949806e-01
-1.766771071408146554e+01 -2.479388718520004975e+00 -2.987894274436143416e+00 1.686274509803921684e-01 4.519031141868511958e-01 7.010380622837369957e-01
-1.772329550274618981e+01 -2.461012282940183926e+00 -2.965342643995907856e+00 1.229527104959630968e-01 3.875432525951557072e-01 6.572087658592848936e-01
-1.774347388669635706e+01 -2.440069483081112267e+00 -2.960827300859931732e+00 4.039215686274509887e-01 0.000000000000000000e+00 1.215686274509803905e-01
-1.773726708615377845e+01 -2.474255989961503310e+00 -2.959748635555226048e+00 7.989234909650134997e-02 3.044982698961937739e-01 5.418685121107266189e-01
-1.772618530866682107e+01 -2.496497813715010672e+00 -2.993413027157892259e+00 3.234909650134564219e-01 6.149173394848135299e-01 7.854671280276817047e-01
-1.772213958037793446e+01 -2.473242117653651206e+00 -2.989549900252668202e+00 1.372549019607844645e-01 4.103806228373704235e-01 6.798154555940024713e-01
-1.770942443432714342e+01 -2.500996872081104883e+00 -2.965668752111283890e+00 2.052287581699346330e-01 5.003460207612456800e-01 7.257977700884274963e-01
-1.770789158075184844e+01 -2.482366968424320586e+00 -2.967675571282828439e+00 1.057285659361784091e-01 3.543252595155709228e-01 6.110726643598616281e-01
-1.774113691321271347e+01 -2.518296068333832682e+00 -2.989273962616580516e+00 1.143406382160707530e-01 3.709342560553633428e-01 6.341407151095732608e-01
-1.772837150966764952e+01 -2.526787248912094608e+00 -2.975226228415766450e+00 2.052287581699346330e-01 5.003460207612456800e-01 7.257977700884274963e-01
-1.773952867339601269e+01 -2.532205129057179871e+00 -2.963260569105429898e+00 4.039215686274509887e-01 0.000000000000000000e+00 1.215686274509803905e-01
-1.763783263373681720e+01 -2.541963650020257148e+00 -2.975150972696833485e+00 2.366013071895425035e-01 5.418685121107266189e-01 7.470203767781622428e-01
-1.768271257612162728e+01 -2.516965360929776629e+00 -2.962131733321435867e+00 2.470588235294117752e-01 5.557093425605535986e-01 7.540945790080737510e-01
-1.772085801427400042e+01 -2.454485479958385508e+00 -2.926159499671493247e+00 4.039215686274509887e-01 0.000000000000000000e+00 1.215686274509803905e-01
-1.769291484745882315e+01 -2.498367140782613127e+00 -2.931602996674308681e+00 3.234909650134564219e-01 6.149173394848135299e-01 7.854671280276817047e-01
-1.764346147309527169e+01 -2.642938995180410977e+00 -2.859508017936557955e+00 4.039215686274509887e-01 0.000000000000000000e+00 1.215686274509803905e-01
-1.765514634051348963e+01 -2.633592359842398700e+00 -2.865051855897950972e+00 4.039215686274509887e-01 0.000000000000000000e+00 1.215686274509803905e-01
-1.769439744353984523e+01 -2.586922550171577573e+00 -2.980519213980715953e+00 1.186466743560169318e-01 3.792387543252595528e-01 6.456747404844290772e-01
-1.782584591980800326e+01 -2.512086100448238213e+00 -2.989098365939070412e+00 4.039215686274509887e-01 0.000000000000000000e+00 1.215686274509803905e-01
-1.776196864458841773e+01 -2.541329979827849694e+00 -2.939003142369380761e+00 4.039215686274509887e-01 0.000000000000000000e+00 1.215686274509803905e-01
-1.776571282791167405e+01 -2.445297262168474983e+00 -2.962206989040368832e+00 1.895424836601307117e-01 4.795847750865051551e-01 7.151864667435601230e-01
-1.776458203429055516e+01 -2.446216083947466036e+00 -2.950993886919361486e+00 4.039215686274509887e-01 0.000000000000000000e+00 1.215686274509803905e-01
-1.778086546243465094e+01 -2.467824237508565943e+00 -2.985511176669934041e+00 1.057285659361784091e-01 3.543252595155709228e-01 6.110726643598616281e-01
-1.776214454581836932e+01 -2.460917232411322875e+00 -2.995194079172638357e+00 2.627450980392156965e-01 5.764705882352940680e-01 7.647058823529411242e-01
-1.776689387902706230e+01 -2.461582586113351123e+00 -3.025597389621543787e+00 4.039215686274509887e-01 0.000000000000000000e+00 1.215686274509803905e-01
-1.764486868293488442e+01 -2.585275007671318015e+00 -3.004701384997832125e+00 3.234909650134564219e-01 6.149173394848135299e-01 7.854671280276817047e-01
-1.768359208227138524e+01 -2.593037467528310991e+00 -3.027604208793088336e+00 3.113417916186083101e-01 6.072279892349096153e-01 7.813148788927335442e-01
-1.771972722065288153e+01 -2.495357207368677166e+00 -3.115929337580708669e+00 3.356401384083045891e-01 6.226066897347174445e-01 7.896193771626297542e-01
-1.770982649428131950e+01 -2.504798893235550494e+00 -3.057806837324839488e+00 1.529411764705882470e-01 4.311418685121107819e-01 6.904267589388697335e-01
-1.773467882519877392e+01 -2.516141589679646628e+00 -3.070123689990196247e+00 1.424836601307189476e-01 4.173010380622837467e-01 6.833525567089581143e-01
-1.772616017991968818e+01 -2.508505863861135055e+00 -3.054044051378192570e+00 2.418300653594771255e-01 5.487889273356401088e-01 7.505574778931179969e-01
-1.768726087935323577e+01 -2.550708298675482322e+00 -3.046242541848811936e+00 1.424836601307189476e-01 4.173010380622837467e-01 6.833525567089581143e-01
-1.764341121560099879e+01 -2.562906449879328807e+00 -3.037864071807611754e+00 2.522875816993463971e-01 5.626297577854670884e-01 7.576316801230295050e-01
-1.766396653075820922e+01 -2.525203073431075751e+00 -3.024644150515059859e+00 1.960784313725490169e-02 1.882352941176470562e-01 3.803921568627450789e-01
-1.767846581785565263e+01 -2.512149467467478914e+00 -3.046443223765966213e+00 3.842368319876971472e-01 6.533640907343329918e-01 8.062283737024221741e-01
-1.767856633284419487e+01 -2.508600914389996106e+00 -3.027754720230954266e+00 2.104575163398692828e-01 5.072664359861591699e-01 7.293348712033832504e-01
-1.767997354268380761e+01 -2.521717887372833644e+00 -3.009643177207761422e+00 2.627450980392156965e-01 5.764705882352940680e-01 7.647058823529411242e-01
-1.765278423828270959e+01 -2.531191256749327767e+00 -3.023314632813911107e+00 2.418300653594771255e-01 5.487889273356401088e-01 7.505574778931179969e-01
-1.764388866179658422e+01 -2.549187490213704166e+00 -2.998605671764264624e+00 3.599384851980012012e-01 6.379853902345253847e-01 7.979238754325260752e-01
-1.771208808152355374e+01 -2.511262329198108212e+00 -3.030187988476452432e+00 2.052287581699346330e-01 5.003460207612456800e-01 7.257977700884274963e-01
-1.772337088898759561e+01 -2.526977349969817155e+00 -2.994717459619396394e+00 1.633986928104575187e-01 4.449826989619377060e-01 6.975009611687812416e-01
-1.770965059305136791e+01 -2.537274490596440835e+00 -2.996598852592719631e+00 8.850442137639369378e-02 3.211072664359861939e-01 5.649365628604383627e-01
-1.770605718221092673e+01 -2.497733470590205673e+00 -3.003321696817395026e+00 1.633986928104575187e-01 4.449826989619377060e-01 6.975009611687812416e-01
-1.771721434593928635e+01 -2.488291784723331901e+00 -2.996874790228806873e+00 2.522875816993463971e-01 5.626297577854670884e-01 7.576316801230295050e-01
-1.774689139630684664e+01 -2.499064177994261726e+00 -3.008163148068747184e+00 7.989234909650134997e-02 3.044982698961937739e-01 5.418685121107266189e-01
-1.772523041627565732e+01 -2.465099455681213136e+00 -3.008514341423767391e+00 2.575163398692810746e-01 5.695501730103805782e-01 7.611687812379853701e-01
-1.769932267797848979e+01 -2.436869448609453759e+00 -3.000913513811541034e+00 1.947712418300653892e-01 4.865051903114187004e-01 7.187235678585159881e-01
-1.769291484745882315e+01 -2.490826465492962605e+00 -3.031492420937956567e+00 2.870434448289119755e-01 5.918492887351018972e-01 7.730103806228373342e-01
-1.768796448427304213e+01 -2.488323468232952251e+00 -2.994140499107577291e+00 1.477124183006535973e-01 4.242214532871972366e-01 6.868896578239138684e-01
-1.768406952846696711e+01 -2.469345045970344099e+00 -2.995444931569081426e+00 1.372549019607844645e-01 4.103806228373704235e-01 6.798154555940024713e-01
-1.764132552958871614e+01 -2.466018277460204189e+00 -3.007009227045108979e+00 4.039215686274509887e-01 0.000000000000000000e+00 1.215686274509803905e-01
-1.759539017982419651e+01 -2.434461501878304901e+00 -3.014058179385160408e+00 3.113417916186083101e-01 6.072279892349096153e-01 7.813148788927335442e-01
-1.757933291040432522e+01 -2.459047905343720419e+00 -3.045615410857704042e+00 2.575163398692810746e-01 5.695501730103805782e-01 7.611687812379853701e-01
-1.761845836969500212e+01 -2.476568886163791117e+00 -2.998706012722841763e+00 2.313725490196078538e-01 5.349480968858131291e-01 7.434832756632063777e-01
-1.762642418253709664e+01 -2.492632425541324359e+00 -3.019326079710465738e+00 2.261437908496732041e-01 5.280276816608996393e-01 7.399461745482506236e-01
-1.763305817178098778e+01 -2.501155289629206635e+00 -3.011599825900017624e+00 7.128027681660900616e-02 2.878892733564014095e-01 5.188004613610149862e-01
-1.758239861755491162e+01 -2.573583792621397137e+00 -3.029661198443922121e+00 9.711649365628605146e-02 3.377162629757785584e-01 5.880046136101499954e-01
-1.761039204186436180e+01 -2.568577798101377319e+00 -3.060641469404646653e+00 2.627450980392156965e-01 5.764705882352940680e-01 7.647058823529411242e-01
4.217958729170223631e-01 1.498934599418660341e+01 9.484461791475826686e+00 4.039215686274509887e-01 0.000000000000000000e+00 1.215686274509803905e-01
4.208661092729921727e-01 1.494182072975603326e+01 9.440913815453301439e+00 1.790849673202614678e-01 4.657439446366782310e-01 7.081122645136486149e-01
-1.968601327137456725e+00 8.936496632799423523e+00 1.237663941102706033e+01 4.039215686274509887e-01 0.000000000000000000e+00 1.215686274509803905e-01
-1.306528016114348745e+01 1.137194465029885926e+01 5.008527566980991885e+00 4.039215686274509887e-01 0.000000000000000000e+00 1.215686274509803905e-01
-1.011845711325764441e+01 1.966253692915429951e+01 1.588410778857396544e+01 4.975009611687812583e-02 2.463667820069204151e-01 4.611303344867359044e-01
-7.965714319695640366e-01 3.180750799019029240e-01 1.615670908778869830e+01 4.039215686274509887e-01 0.000000000000000000e+00 1.215686274509803905e-01
-8.401698082504391873e-01 3.006491496106934447e-01 1.616044678849570104e+01 4.039215686274509887e-01 0.000000000000000000e+00 1.215686274509803905e-01
-2.644313337623180438e+00 5.390675595040594903e-01 1.395705967909796641e+01 1.947712418300653892e-01 4.865051903114187004e-01 7.187235678585159881e-01
-2.713140976028550533e+00 5.909334647526228723e-01 1.405983390592071025e+01 4.039215686274509887e-01 0.000000000000000000e+00 1.215686274509803905e-01
-1.094447600519127706e+00 1.163707951669868068e+00 1.413815002409024935e+01 5.836216839677046964e-02 2.629757785467128350e-01 4.841983852364475371e-01
-3.362630419332128251e-01 1.352573352516958538e+00 1.400487214586002338e+01 4.039215686274509887e-01 0.000000000000000000e+00 1.215686274509803905e-01
-1.802386509660927894e-01 1.172737751911676618e+00 1.397547224499689023e+01 4.039215686274509887e-01 0.000000000000000000e+00 1.215686274509803905e-01
-2.357983108836805564e-01 1.213546112302727353e+00 1.388990649257014454e+01 4.039215686274509887e-01 0.000000000000000000e+00 1.215686274509803905e-01
-2.632640315032750422e-01 1.235566151488892039e+00 1.387224648386054859e+01 4.039215686274509887e-01 0.000000000000000000e+00 1.215686274509803905e-01
-2.669076998379879551e-01 1.219090726486293796e+00 1.391386289643046226e+01 4.039215686274509887e-01 0.000000000000000000e+00 1.215686274509803905e-01
-3.417977204444841099e+00 -3.280784152961443989e-01 1.445557864654936608e+01 4.039215686274509887e-01 0.000000000000000000e+00 1.215686274509803905e-01
-3.461047877035861475e+00 -2.403784606669301660e-01 1.448497854741249924e+01 4.039215686274509887e-01 0.000000000000000000e+00 1.215686274509803905e-01
-3.437024794773892111e+00 -2.539706862940735443e-01 1.454814318083687574e+01 4.039215686274509887e-01 0.000000000000000000e+00 1.215686274509803905e-01
-3.411167313970998372e+00 -2.357843517719749316e-01 1.453557547577507414e+01 2.366013071895425035e-01 5.418685121107266189e-01 7.470203767781622428e-01
-1.223417197836904258e+01 -9.081661820234209870e+00 1.751369512634772008e+01 2.156862745098039325e-01 5.141868512110726597e-01 7.328719723183391155e-01
-1.216878697832129674e+01 -9.077099394848875846e+00 1.759271363122730136e+01 1.186466743560169318e-01 3.792387543252595528e-01 6.456747404844290772e-01
-1.219029718586967093e+01 -9.100164989852512321e+00 1.760442843814119485e+01 2.052287581699346330e-01 5.003460207612456800e-01 7.257977700884274963e-01
-3.737048751657798817e-01 1.725424893729600395e+00 2.402983697635404425e+01 4.039215686274509887e-01 0.000000000000000000e+00 1.215686274509803905e-01
2.295743220566787102e+01 1.279253817114787672e+01 9.971466633930486267e+00 4.039215686274509887e-01 0.000000000000000000e+00 1.215686274509803905e-01
1.848019307096120301e+01 7.452599459728886266e+00 1.234836834594792165e+01 4.039215686274509887e-01 0.000000000000000000e+00 1.215686274509803905e-01
1.848099719086955162e+01 7.478009634444431342e+00 1.239648183558571226e+01 1.686274509803921684e-01 4.519031141868511958e-01 7.010380622837369957e-01
1.846398502905851302e+01 7.481082934877608004e+00 1.239211700388760207e+01 4.039215686274509887e-01 0.000000000000000000e+00 1.215686274509803905e-01
1.837314460816205042e+01 7.417906016694568727e+00 1.248094383746810720e+01 4.039215686274509887e-01 0.000000000000000000e+00 1.215686274509803905e-01
2.104769768082986303e+01 5.015250431652226837e+00 1.011999633786445507e+01 4.039215686274509887e-01 0.000000000000000000e+00 1.215686274509803905e-01
2.471522648049413018e+00 1.656404810582915488e+01 9.604845856528875458e+00 4.039215686274509887e-01 0.000000000000000000e+00 1.215686274509803905e-01
7.432213748904644923e+00 1.871032073102337279e+01 1.005261738417983430e+01 1.686274509803921684e-01 4.519031141868511958e-01 7.010380622837369957e-01
7.360144502118737719e+00 1.870005527390636857e+01 1.001278202362466807e+01 4.039215686274509887e-01 0.000000000000000000e+00 1.215686274509803905e-01
7.416508281944675929e+00 1.862151185355744687e+01 9.987696783980355875e+00 4.039215686274509887e-01 0.000000000000000000e+00 1.215686274509803905e-01
7.415779548277733113e+00 1.862902084533747527e+01 9.901227962926414605e+00 4.039215686274509887e-01 0.000000000000000000e+00 1.215686274509803905e-01
5.155297970916120853e+00 4.668537785876399226e+00 1.170084305500931343e+01 4.039215686274509887e-01 0.000000000000000000e+00 1.215686274509803905e-01
4.155450251123764538e+00 4.088792926842669928e+00 1.053029051748681155e+01 2.748942714340638638e-01 5.841599384851979826e-01 7.688581314878892847e-01
4.207341113959503609e+00 4.023936782649750299e+00 1.050640936934542680e+01 8.419838523644752881e-02 3.128027681660899839e-01 5.534025374855824353e-01
4.252170798850039901e+00 4.160651126661694121e+00 1.047610639985509806e+01 4.039215686274509887e-01 0.000000000000000000e+00 1.215686274509803905e-01
1.092482133975555714e+00 6.909583046241652982e-01 1.415317608263719329e+01 4.039215686274509887e-01 0.000000000000000000e+00 1.215686274509803905e-01
1.111579981798878514e+00 7.092396896751250734e-01 1.406572893723712347e+01 2.470588235294117752e-01 5.557093425605535986e-01 7.540945790080737510e-01
3.028321585821167972e+01 -1.015430703843220428e+01 1.299424033173112836e+00 4.039215686274509887e-01 0.000000000000000000e+00 1.215686274509803905e-01
3.021129738390858677e+01 -1.006644866625488710e+01 1.274062855892714063e+00 4.039215686274509887e-01 0.000000000000000000e+00 1.215686274509803905e-01
3.042305733602324835e+01 -2.199179759437356552e+00 6.103623703653404675e+00 4.039215686274509887e-01 0.000000000000000000e+00 1.215686274509803905e-01
3.030246447851781966e+01 -2.105364887451409039e+00 6.222327057650286264e+00 4.039215686274509887e-01 0.000000000000000000e+00 1.215686274509803905e-01
3.036335143282822813e+01 -2.074188313984953957e+00 6.212844837064737114e+00 2.000000000000000111e-01 4.934256055363321902e-01 7.222606689734717422e-01
3.035407892513506312e+01 -2.052580160423854494e+00 6.223957598227166876e+00 2.261437908496732041e-01 5.280276816608996393e-01 7.399461745482506236e-01
3.031432524716598564e+01 -2.008191563445700822e+00 6.197291988485264191e+00 4.039215686274509887e-01 0.000000000000000000e+00 1.215686274509803905e-01
3.041735311042338452e+01 -1.997355803155530518e+00 6.116718198747735258e+00 4.039215686274509887e-01 0.000000000000000000e+00 1.215686274509803905e-01
3.018687224169244487e+01 -8.380561861457948014e-01 5.624621052645279562e+00 4.039215686274509887e-01 0.000000000000000000e+00 1.215686274509803905e-01
2.590845175432541936e+01 2.038172817192379860e+00 2.094500703699561761e+00 4.039215686274509887e-01 0.000000000000000000e+00 1.215686274509803905e-01
2.268405656557586170e+01 -7.560758307927067712e+00 1.657385153783395282e+01 4.039215686274509887e-01 0.000000000000000000e+00 1.215686274509803905e-01
2.281158495729081181e+01 -7.462476061084646339e+00 1.644977994255318876e+01 2.418300653594771255e-01 5.487889273356401088e-01 7.505574778931179969e-01
1.639533630733275160e+01 3.789668912516654498e+00 2.485652104883232383e+01 4.039215686274509887e-01 0.000000000000000000e+00 1.215686274509803905e-01
1.638397811362730039e+01 3.882786747290953855e+00 2.489352177730768290e+01 4.039215686274509887e-01 0.000000000000000000e+00 1.215686274509803905e-01
1.639086339034255246e+01 3.934652652539517348e+00 2.487478310329338171e+01 2.627450980392156965e-01 5.764705882352940680e-01 7.647058823529411242e-01
1.635533134189231674e+01 3.863618223970623600e+00 2.483554978848967920e+01 2.418300653594771255e-01 5.487889273356401088e-01 7.505574778931179969e-01
1.637669077695787578e+01 3.826706935262879750e+00 2.484242314415222097e+01 4.039215686274509887e-01 0.000000000000000000e+00 1.215686274509803905e-01
1.631115500442731658e+01 3.916086115901974196e+00 2.486836128194443774e+01 2.104575163398692828e-01 5.072664359861591699e-01 7.293348712033832504e-01
1.634120898600191296e+01 3.877052032049665087e+00 2.479400863163870028e+01 2.261437908496732041e-01 5.280276816608996393e-01 7.399461745482506236e-01
1.636354844220577220e+01 3.967666869563954091e+00 2.480512139280113004e+01 4.039215686274509887e-01 0.000000000000000000e+00 1.215686274509803905e-01
1.627821121693208184e+01 4.023968466159370649e+00 2.489226751532546800e+01 4.039215686274509887e-01 0.000000000000000000e+00 1.215686274509803905e-01
1.628431750248611820e+01 3.958225183697080762e+00 2.488672367736407409e+01 4.039215686274509887e-01 0.000000000000000000e+00 1.215686274509803905e-01
3.126145285546711960e+01 -7.959685377557282671e+00 1.153322348370602413e+01 4.039215686274509887e-01 0.000000000000000000e+00 1.215686274509803905e-01
3.075370139083809207e+01 -1.018367039395382312e+00 4.681064848664151512e+00 4.039215686274509887e-01 0.000000000000000000e+00 1.215686274509803905e-01
3.075515885817197770e+01 -1.028885964589348667e+00 4.663881459507797977e+00 4.039215686274509887e-01 0.000000000000000000e+00 1.215686274509803905e-01
3.075427935202221619e+01 -7.604632710854820621e-01 4.764147162366111132e+00 4.039215686274509887e-01 0.000000000000000000e+00 1.215686274509803905e-01
3.071417387159323908e+01 -8.975578172128699794e-01 4.695413605740697882e+00 4.039215686274509887e-01 0.000000000000000000e+00 1.215686274509803905e-01
3.071362103915624786e+01 -8.565593557640971412e-01 4.670027343220654714e+00 4.039215686274509887e-01 0.000000000000000000e+00 1.215686274509803905e-01
3.076460726709509430e+01 -8.555771669658653877e-01 4.727999332038658409e+00 4.039215686274509887e-01 0.000000000000000000e+00 1.215686274509803905e-01
3.082358443662317171e+01 -7.631563694032144074e-01 4.845348083094746627e+00 4.039215686274509887e-01 0.000000000000000000e+00 1.215686274509803905e-01
3.078114198271055102e+01 -6.945932545847102180e-01 4.789031720093267275e+00 4.039215686274509887e-01 0.000000000000000000e+00 1.215686274509803905e-01
3.074407708068502032e+01 -6.819515342461782703e-01 4.824753101346766826e+00 4.039215686274509887e-01 0.000000000000000000e+00 1.215686274509803905e-01
3.074822332396245272e+01 -7.821664751754429101e-01 4.793020273196713532e+00 4.039215686274509887e-01 0.000000000000000000e+00 1.215686274509803905e-01
3.109198458478226357e+01 -9.410346549036040287e+00 2.638624636824319580e+00 4.039215686274509887e-01 0.000000000000000000e+00 1.215686274509803905e-01
3.106358910051864086e+01 -9.412786179276810827e+00 2.661953909693529408e+00 4.039215686274509887e-01 0.000000000000000000e+00 1.215686274509803905e-01
3.105175346061760777e+01 -7.920144357551047953e+00 1.160240857464503428e+01 4.039215686274509887e-01 0.000000000000000000e+00 1.215686274509803905e-01
3.134736804192493409e+01 -8.012565155113698268e+00 1.165365771923836391e+01 4.039215686274509887e-01 0.000000000000000000e+00 1.215686274509803905e-01
3.116400357407389876e+01 -7.843913833404410951e+00 1.157416259480554110e+01 4.039215686274509887e-01 0.000000000000000000e+00 1.215686274509803905e-01
3.125718096845400495e+01 -7.979139052464196524e+00 1.154358368767912424e+01 2.470588235294117752e-01 5.557093425605535986e-01 7.540945790080737510e-01
3.118161882581620148e+01 -7.940453487217711270e+00 1.157965626228764400e+01 4.039215686274509887e-01 0.000000000000000000e+00 1.215686274509803905e-01
