-1.441290823683374889e+01 2.556322053551834372e+01 1.170205933832219491e+00 4.039215686274509887e-01 0.000000000000000000e+00 1.215686274509803905e-01
-1.201841146677605465e+01 8.798394226823941011e+00 1.795253486729448955e+00 4.039215686274509887e-01 0.000000000000000000e+00 1.215686274509803905e-01
-2.084489675760717642e+00 7.492676769945092019e+00 1.564520693515216720e+00 4.039215686274509887e-01 0.000000000000000000e+00 1.215686274509803905e-01
-1.545931091941178614e+01 -1.690965741094246511e+01 1.437501350106281173e+01 4.039215686274509887e-01 0.000000000000000000e+00 1.215686274509803905e-01
-1.546663376570598203e+01 -1.694604938980646125e+01 1.437673154122077257e+01 4.039215686274509887e-01 0.000000000000000000e+00 1.215686274509803905e-01
1.111051500888842725e+01 -1.303211275833462679e+01 5.198322888188800839e+00 4.039215686274509887e-01 0.000000000000000000e+00 1.215686274509803905e-01
3.414943235132324784e+00 2.589708430661884719e+01 2.259136875249798848e+01 4.039215686274509887e-01 0.000000000000000000e+00 1.215686274509803905e-01
3.336956154901544291e+00 2.604163337402264844e+01 2.258277855170818071e+01 5.773933102652828442e-01 7.750096116878125718e-01 8.719723183391003829e-01
3.619958275321683239e+00 1.716415558331823732e+01 2.298273830048162125e+01 5.664744329104193232e-01 7.687043444828914884e-01 8.685121107266436935e-01
1.719889238386923092e+00 1.244609312665907730e+01 8.322183478995324180e-01 5.664744329104193232e-01 7.687043444828914884e-01 8.685121107266436935e-01
-1.349047616424634377e+01 2.031526157471788707e+01 7.617787014231101050e-01 4.039215686274509887e-01 0.000000000000000000e+00 1.215686274509803905e-01
-1.355135194707587232e+01 2.038686748938554061e+01 8.550682820004206208e-01 4.039215686274509887e-01 0.000000000000000000e+00 1.215686274509803905e-01
-1.366799971077230680e+01 2.013447972345823800e+01 7.641594142134281453e-01 3.599384851980012012e-01 6.379853902345253847e-01 7.979238754325260752e-01
-1.360238996670208600e+01 2.020840988524494364e+01 8.234808865247567056e-01 2.870434448289119755e-01 5.918492887351018972e-01 7.730103806228373342e-01
-1.359740944498010684e+01 2.025565896366504148e+01 8.063986586684536162e-01 5.057285659361786534e-01 7.302575932333719155e-01 8.477508650519032241e-01
-1.361027990210324035e+01 2.024617094117906291e+01 8.649838280549414504e-01 4.039215686274509887e-01 0.000000000000000000e+00 1.215686274509803905e-01
-1.354664264188330769e+01 2.024801760327364875e+01 8.413239607367284378e-01 4.039215686274509887e-01 0.000000000000000000e+00 1.215686274509803905e-01
-1.353372287266391893e+01 2.028227636902838427e+01 7.791309070185213903e-01 4.039215686274509887e-01 0.000000000000000000e+00 1.215686274509803905e-01
-1.352075379134827138e+01 2.022964649933268078e+01 7.394196359387822381e-01 5.870818915801616633e-01 7.799307958477510461e-01 8.747404844290658232e-01
-1.358621559912972110e+01 2.022356525002119909e+01 7.869111745910043476e-01 3.720876585928490354e-01 6.456747404844291882e-01 8.020761245674741247e-01
-1.360349948886787352e+01 2.022117732489888908e+01 7.524521977084618340e-01 1.229527104959630968e-01 3.875432525951557072e-01 6.572087658592848936e-01
-1.205495173010264764e+01 8.675240968516030549e+00 1.733060433011241797e+00 4.039215686274509887e-01 0.000000000000000000e+00 1.215686274509803905e-01
-1.202987652915585493e+01 8.694949310525492692e+00 1.761776247080027336e+00 3.842368319876971472e-01 6.533640907343329918e-01 8.062283737024221741e-01
-1.202750954853550880e+01 8.788778848331441296e+00 1.761187204740154666e+00 4.814302191464823188e-01 7.148788927335641974e-01 8.394463667820070141e-01
-1.208505676486767655e+01 8.800113532912003933e+00 1.815943598917471258e+00 2.470588235294117752e-01 5.557093425605535986e-01 7.540945790080737510e-01
-1.208249253586230054e+01 8.780691741917218351e+00 1.810421326981166201e+00 3.234909650134564219e-01 6.149173394848135299e-01 7.854671280276817047e-01
-1.206298960179257307e+01 8.774865204618784276e+00 1.810396783550338284e+00 3.842368319876971472e-01 6.533640907343329918e-01 8.062283737024221741e-01
-1.204676592212395114e+01 8.736117139634108852e+00 1.806739812356963126e+00 4.328335255670897608e-01 6.841214917339486501e-01 8.228373702422145941e-01
-1.206861118076589534e+01 8.691383342342842155e+00 1.828608009224730324e+00 4.039215686274509887e-01 0.000000000000000000e+00 1.215686274509803905e-01
-1.205172178779780090e+01 8.790052408396672234e+00 1.904643557929941666e+00 4.039215686274509887e-01 0.000000000000000000e+00 1.215686274509803905e-01
-1.196251620566850349e+01 8.747929409239132426e+00 1.905919816332998895e+00 4.039215686274509887e-01 0.000000000000000000e+00 1.215686274509803905e-01
-2.055420195017091167e+00 7.568071525806812083e+00 1.500928664239812305e+00 4.039215686274509887e-01 0.000000000000000000e+00 1.215686274509803905e-01
-2.047702851952837300e+00 7.510538449859967436e+00 1.601802164942981666e+00 4.935793925413304861e-01 7.225682429834681120e-01 8.435986159169550636e-01
-2.021000351829556951e+00 7.674509308258555151e+00 1.694944484935324125e+00 5.773933102652828442e-01 7.750096116878125718e-01 8.719723183391003829e-01
-2.134319549028630192e+00 7.369205121620874266e+00 1.589481362667314768e+00 4.039215686274509887e-01 0.000000000000000000e+00 1.215686274509803905e-01
-2.194504962510557267e+00 7.676515165361294635e+00 1.860293578423706462e+00 4.039215686274509887e-01 0.000000000000000000e+00 1.215686274509803905e-01
-2.216177628815601874e+00 7.667472888898149819e+00 1.869497364984214594e+00 2.261437908496732041e-01 5.280276816608996393e-01 7.399461745482506236e-01
-2.141790331611597598e+00 7.648305809916411846e+00 1.696269830200037187e+00 5.300269127258749879e-01 7.456362937331797447e-01 8.560553633217994340e-01
-2.073147893621558602e+00 7.477011981142742236e+00 1.514869332950128600e+00 4.085351787773934817e-01 6.687427912341408209e-01 8.145328719723183841e-01
-2.078868096787395370e+00 7.548936285826704840e+00 1.585971652058907555e+00 3.599384851980012012e-01 6.379853902345253847e-01 7.979238754325260752e-01
-2.147707783162462913e+00 7.608952803900750794e+00 1.447104920433960773e+00 5.870818915801616633e-01 7.799307958477510461e-01 8.747404844290658232e-01
-1.459065368779286942e+01 7.228731446425812557e+00 2.349566871980319327e+00 4.039215686274509887e-01 0.000000000000000000e+00 1.215686274509803905e-01
-1.457608196334886408e+01 7.328196487520412639e+00 2.433922643736230018e+00 3.842368319876971472e-01 6.533640907343329918e-01 8.062283737024221741e-01
-1.609560955346671918e+01 6.934252520342602644e+00 2.695825594102049916e+00 4.039215686274509887e-01 0.000000000000000000e+00 1.215686274509803905e-01
-1.614509424206083210e+01 6.899134101543836550e+00 2.711165238369563468e+00 4.085351787773934817e-01 6.687427912341408209e-01 8.145328719723183841e-01
-1.614526683439773080e+01 6.883692185752901871e+00 2.691996818892878451e+00 5.967704728950405935e-01 7.848519800076895203e-01 8.775086505190312636e-01
-1.614132186669715452e+01 6.886716890907827349e+00 2.693076729849311679e+00 3.963860053825453145e-01 6.610534409842369064e-01 8.103806228373702236e-01
-1.615727432983636191e+01 6.933456545301832641e+00 2.723927822400134868e+00 1.633986928104575187e-01 4.449826989619377060e-01 6.975009611687812416e-01
-1.611669047461667859e+01 6.914607856336402847e+00 2.741280027995546043e+00 5.178777393310267652e-01 7.379469434832758301e-01 8.519031141868512735e-01
-1.615278692907695657e+01 6.909099709054275174e+00 2.652015570074031103e+00 2.748942714340638638e-01 5.841599384851979826e-01 7.688581314878892847e-01
-1.614918714605018124e+01 6.934125164336078839e+00 2.680436862972880530e+00 2.522875816993463971e-01 5.626297577854670884e-01 7.576316801230295050e-01
-1.606912895777659500e+01 7.116785516691942703e+00 2.598437260576459629e+00 4.692810457516342071e-01 7.071895424836602828e-01 8.352941176470588536e-01
1.096425533138953767e+01 -6.013873467860410216e+00 1.703927380618380116e+00 4.814302191464823188e-01 7.148788927335641974e-01 8.394463667820070141e-01
1.099302893955561977e+01 -6.061472775298446969e+00 1.671947290249467644e+00 4.039215686274509887e-01 0.000000000000000000e+00 1.215686274509803905e-01
1.093474204177959486e+01 -6.195387616157565169e+00 1.696637981662457495e+00 4.039215686274509887e-01 0.000000000000000000e+00 1.215686274509803905e-01
1.094117727034116250e+01 -6.144063145528726011e+00 1.683605419892778121e+00 6.064590542099195236e-01 7.897731641676279946e-01 8.802768166089965929e-01
1.100935124341675753e+01 -6.147692791714636229e+00 1.709106044523092560e+00 4.039215686274509887e-01 0.000000000000000000e+00 1.215686274509803905e-01
1.100898140269482894e+01 -6.096304643082535613e+00 1.714284708427805226e+00 4.039215686274509887e-01 0.000000000000000000e+00 1.215686274509803905e-01
1.102579682751853696e+01 -6.058511748146782949e+00 1.714333795289461282e+00 5.870818915801616633e-01 7.799307958477510461e-01 8.747404844290658232e-01
1.100634320554506651e+01 -6.040459034222123158e+00 1.719463372332517670e+00 4.039215686274509887e-01 0.000000000000000000e+00 1.215686274509803905e-01
1.099389190124012217e+01 -6.061249902287031865e+00 1.843211350567403262e+00 5.664744329104193232e-01 7.687043444828914884e-01 8.685121107266436935e-01
1.096622781523982582e+01 -6.014160018875087665e+00 1.820852285083075506e+00 6.645905420991928825e-01 8.193002691272589511e-01 8.968858131487890128e-01
1.094845080453910136e+01 -6.044375231422710826e+00 1.785976069876456629e+00 4.039215686274509887e-01 0.000000000000000000e+00 1.215686274509803905e-01
1.098045435501003020e+01 -6.080544337275292754e+00 1.766390412075695249e+00 4.571318723567860398e-01 6.995001922337563682e-01 8.311418685121108041e-01
1.098338842473733479e+01 -6.068063448636021207e+00 1.737306446544489624e+00 1.581699346405228690e-01 4.380622837370242717e-01 6.939638600538254876e-01
1.096068020441088819e+01 -6.048259589621667764e+00 1.744792192947036247e+00 2.522875816993463971e-01 5.626297577854670884e-01 7.576316801230295050e-01
1.095653798832528381e+01 -6.063319437393032807e+00 1.766684933245631584e+00 3.356401384083045891e-01 6.226066897347174445e-01 7.896193771626297542e-01
1.095584761897768189e+01 -6.088249375669944286e+00 1.741012504599520838e+00 5.057285659361786534e-01 7.302575932333719155e-01 8.477508650519032241e-01
1.092722194710037087e+01 -6.052780727853240172e+00 1.729501635541178750e+00 2.991926182237601428e-01 5.995386389850057007e-01 7.771626297577853837e-01
1.093328733494000815e+01 -6.173418705032317710e+00 1.756229431712894362e+00 4.039215686274509887e-01 0.000000000000000000e+00 1.215686274509803905e-01
1.094480170941606723e+01 -6.134829835055795932e+00 1.748473707571239544e+00 5.773933102652828442e-01 7.750096116878125718e-01 8.719723183391003829e-01
1.095205058756587668e+01 -6.123940896498064390e+00 1.722948539510096966e+00 4.039215686274509887e-01 0.000000000000000000e+00 1.215686274509803905e-01
1.099650544234175342e+01 -6.155461508112550106e+00 1.755983997404614083e+00 4.039215686274509887e-01 0.000000000000000000e+00 1.215686274509803905e-01
-3.780692408280283967e-01 6.522128483233609053e+00 1.682132814043096669e+00 4.039215686274509887e-01 0.000000000000000000e+00 1.215686274509803905e-01
-4.472294558287681077e-01 6.644804156517056803e+00 1.705498160191373458e+00 4.206843521722416490e-01 6.764321414840447355e-01 8.186851211072664336e-01
-4.521606654544892967e-01 6.634997744014772714e+00 1.687164217362841168e+00 4.571318723567860398e-01 6.995001922337563682e-01 8.311418685121108041e-01
-4.109850650797173821e-01 6.582845459343532823e+00 1.630886130474187290e+00 4.449826989619378725e-01 6.918108419838524537e-01 8.269896193771626436e-01
-3.390387166404452146e-01 6.622612372380394241e+00 1.629781676086926367e+00 5.057285659361786534e-01 7.302575932333719155e-01 8.477508650519032241e-01
1.153605374354003743e+01 6.745670113683411628e+00 1.246158309027940980e+01 5.664744329104193232e-01 7.687043444828914884e-01 8.685121107266436935e-01
1.161233955644994431e+01 6.713258010023263722e+00 1.236345845382897934e+01 5.773933102652828442e-01 7.750096116878125718e-01 8.719723183391003829e-01
1.163926396100638172e+01 6.687818647720259690e+00 1.230634589029217274e+01 5.870818915801616633e-01 7.799307958477510461e-01 8.747404844290658232e-01
1.171291157676652794e+01 6.713480883034678826e+00 1.233125747258261562e+01 4.039215686274509887e-01 0.000000000000000000e+00 1.215686274509803905e-01
1.171197464693764090e+01 6.771364187999462381e+00 1.237089511336986902e+01 5.300269127258749879e-01 7.456362937331797447e-01 8.560553633217994340e-01
1.168546939519938910e+01 6.830234502014799425e+00 1.231520606882108915e+01 5.664744329104193232e-01 7.687043444828914884e-01 8.685121107266436935e-01
1.167634665739180555e+01 6.806928352821058681e+00 1.231778312905803041e+01 5.967704728950405935e-01 7.848519800076895203e-01 8.775086505190312636e-01
1.165452605479798898e+01 6.730419231902261323e+00 1.232183279514465468e+01 6.064590542099195236e-01 7.897731641676279946e-01 8.802768166089965929e-01
1.169286620963797141e+01 6.750923548952492581e+00 1.229449141320223760e+01 6.839677047289506318e-01 8.291426374471358995e-01 9.024221453287197825e-01
1.168031628114051124e+01 6.746211376711134911e+00 1.229456504349472290e+01 4.692810457516342071e-01 7.071895424836602828e-01 8.352941176470588536e-01
1.168741722300154962e+01 6.774643605167433691e+00 1.229711756030083691e+01 3.356401384083045891e-01 6.226066897347174445e-01 7.896193771626297542e-01
1.169520853421018813e+01 6.729336705846813871e+00 1.237143506884808630e+01 6.161476355247983427e-01 7.946943483275664688e-01 8.830449826989620332e-01
1.163097952883517117e+01 6.768498677852690548e+00 1.235584999027229181e+01 4.039215686274509887e-01 0.000000000000000000e+00 1.215686274509803905e-01
1.166687873491042104e+01 6.765346616691242154e+00 1.229024539966898999e+01 3.720876585928490354e-01 6.456747404844291882e-01 8.020761245674741247e-01
1.168894589798552275e+01 6.755635721193850252e+00 1.228990179163739782e+01 3.477893118031527564e-01 6.302960399846213591e-01 7.937716262975778037e-01
2.871745838811007090e+00 -7.045807349716064039e+00 8.039715875148875313e+00 4.039215686274509887e-01 0.000000000000000000e+00 1.215686274509803905e-01
2.899114052233759953e+00 -6.566375663159573328e+00 7.950205982919080760e+00 4.039215686274509887e-01 0.000000000000000000e+00 1.215686274509803905e-01
2.788802892906376840e+00 -7.067680743836419310e+00 8.028082288936394306e+00 4.039215686274509887e-01 0.000000000000000000e+00 1.215686274509803905e-01
2.928282157169900479e+00 -6.606047059191541670e+00 7.853234887717567503e+00 3.599384851980012012e-01 6.379853902345253847e-01 7.979238754325260752e-01
2.947637154950856431e+00 -6.549214441280574839e+00 7.900603709215649140e+00 3.356401384083045891e-01 6.226066897347174445e-01 7.896193771626297542e-01
2.921674336271434136e+00 -6.509160977229036860e+00 7.868280010815144720e+00 5.967704728950405935e-01 7.848519800076895203e-01 8.775086505190312636e-01
2.949486358560501564e+00 -6.559243726794274920e+00 7.889681882497179721e+00 4.039215686274509887e-01 0.000000000000000000e+00 1.215686274509803905e-01
2.902985051789950699e+00 -6.518840033724798033e+00 7.865555689993233734e+00 4.039215686274509887e-01 0.000000000000000000e+00 1.215686274509803905e-01
-3.410048135250830281e+00 4.516876321524593507e+00 1.449397551028623354e+01 6.452133794694350222e-01 8.094579008073818915e-01 8.913494809688582432e-01
-3.400136403903130766e+00 4.545595100995569737e+00 1.443845826975324798e+01 5.421760861207230997e-01 7.533256439830836593e-01 8.602076124567474835e-01
-3.399963811566230731e+00 4.589660279252587571e+00 1.446727225754534629e+01 2.575163398692810746e-01 5.695501730103805782e-01 7.611687812379853701e-01
-3.450114213459815282e+00 4.585266497027538080e+00 1.441033149802433577e+01 5.543252595155715445e-01 7.610149942329877959e-01 8.643598615916957550e-01
-3.505442385460406651e+00 4.503376584833136853e+00 1.441737546267197700e+01 7.989234909650134997e-02 3.044982698961937739e-01 5.418685121107266189e-01
-3.511187244674371932e+00 4.566799876081677922e+00 1.443826192230662464e+01 6.452133794694350222e-01 8.094579008073818915e-01 8.913494809688582432e-01
-3.478591949048354781e+00 4.548078543122771045e+00 1.447370263642228672e+01 2.991926182237601428e-01 5.995386389850057007e-01 7.771626297577853837e-01
-3.470800637839715375e+00 4.513023802327267298e+00 1.442498392622866454e+01 4.814302191464823188e-01 7.148788927335641974e-01 8.394463667820070141e-01
-3.471786879764859890e+00 4.541169479768888628e+00 1.446201996334814943e+01 4.085351787773934817e-01 6.687427912341408209e-01 8.145328719723183841e-01
-3.469789739866442790e+00 4.557120819585916749e+00 1.447200913969515312e+01 5.773933102652828442e-01 7.750096116878125718e-01 8.719723183391003829e-01
-3.492941769059203505e+00 4.532700305335097823e+00 1.449203657925081856e+01 3.842368319876971472e-01 6.533640907343329918e-01 8.062283737024221741e-01
-3.502039850818659428e+00 4.530789965237250527e+00 1.449915417419094510e+01 1.895424836601307117e-01 4.795847750865051551e-01 7.151864667435601230e-01
-3.504382175390876597e+00 4.485228353903584875e+00 1.451684998781794889e+01 5.421760861207230997e-01 7.533256439830836593e-01 8.602076124567474835e-01
-3.453812620679105994e+00 4.640634520863488710e+00 1.448918954127476866e+01 6.936562860438295619e-01 8.340638216070743738e-01 9.051903114186852228e-01
-1.545317156342776244e+01 -1.690459500968316675e+01 1.443104615364318555e+01 6.839677047289506318e-01 8.291426374471358995e-01 9.024221453287197825e-01
-1.546074097020324523e+01 -1.694754582288310729e+01 1.436914762109491406e+01 4.206843521722416490e-01 6.764321414840447355e-01 8.186851211072664336e-01
-1.545938488755617080e+01 -1.699282088320209638e+01 1.439847702093440063e+01 4.039215686274509887e-01 0.000000000000000000e+00 1.215686274509803905e-01
-1.544015317001585785e+01 -1.700100350662120974e+01 1.440377840199325377e+01 4.039215686274509887e-01 0.000000000000000000e+00 1.215686274509803905e-01
-1.549363213840680586e+01 -1.700495154282343080e+01 1.440468650893389047e+01 5.543252595155715445e-01 7.610149942329877959e-01 8.643598615916957550e-01
-1.549395266703247742e+01 -1.693939503846562644e+01 1.438043759927580467e+01 4.039215686274509887e-01 0.000000000000000000e+00 1.215686274509803905e-01
-1.547353745918199053e+01 -1.689851376037168507e+01 1.436679145173542516e+01 4.206843521722416490e-01 6.764321414840447355e-01 8.186851211072664336e-01
-1.546525302701077997e+01 -1.700915429103869414e+01 1.443374593103426839e+01 6.258362168396772729e-01 7.996155324875049430e-01 8.858131487889274736e-01
-1.552085241554078543e+01 -1.690972108894572656e+01 1.402475419971611359e+01 6.258362168396772729e-01 7.996155324875049430e-01 8.858131487889274736e-01
-1.555682558976042174e+01 -1.699247065418415659e+01 1.427077755033620399e+01 4.039215686274509887e-01 0.000000000000000000e+00 1.215686274509803905e-01
-1.549819350731059764e+01 -1.698078574058565593e+01 1.430648824219097470e+01 5.178777393310267652e-01 7.379469434832758301e-01 8.519031141868512735e-01
-1.549516081339077900e+01 -1.696935553900020111e+01 1.435586962501695574e+01 5.300269127258749879e-01 7.456362937331797447e-01 8.560553633217994340e-01
-1.547324158660444837e+01 -1.694818260291572543e+01 1.434794209685950328e+01 6.452133794694350222e-01 8.094579008073818915e-01 8.913494809688582432e-01
-1.547947956678098436e+01 -1.694961535798911001e+01 1.434831024832192448e+01 3.599384851980012012e-01 6.379853902345253847e-01 7.979238754325260752e-01
-1.551478702770114815e+01 -1.697349460921220654e+01 1.435427430201313292e+01 4.039215686274509887e-01 0.000000000000000000e+00 1.215686274509803905e-01
-1.530567908352244189e+01 -1.685505352314565286e+01 1.427762516753722188e+01 6.355247981545562030e-01 8.045367166474434173e-01 8.885813148788928029e-01
-1.546296001453481850e+01 -1.698307814870307553e+01 1.426064111340423146e+01 6.355247981545562030e-01 8.045367166474434173e-01 8.885813148788928029e-01
-1.546019853714441616e+01 -1.693414160319654371e+01 1.436352717543529778e+01 3.842368319876971472e-01 6.533640907343329918e-01 8.062283737024221741e-01
-1.543149889712271872e+01 -1.706560484093009222e+01 1.431701737401619567e+01 4.039215686274509887e-01 0.000000000000000000e+00 1.215686274509803905e-01
2.765601551617358655e+00 -1.310021638282289480e+01 2.181432373248281920e+01 6.839677047289506318e-01 8.291426374471358995e-01 9.024221453287197825e-01
1.114981674960542612e+01 -1.304195100983854161e+01 5.120004800416583457e+00 4.039215686274509887e-01 0.000000000000000000e+00 1.215686274509803905e-01
-2.836004566964601992e+01 -2.395836662597734801e+01 1.401049446640503326e+01 3.842368319876971472e-01 6.533640907343329918e-01 8.062283737024221741e-01
-3.323190818752165399e+01 -1.593102201781675831e+01 -2.701726169951837520e+01 4.039215686274509887e-01 0.000000000000000000e+00 1.215686274509803905e-01
1.258363991642824686e+01 -3.711181352916520293e+00 -3.367236297067468520e+00 4.039215686274509887e-01 0.000000000000000000e+00 1.215686274509803905e-01
1.254219309952406114e+01 -4.009194408180749569e+00 -3.480847838370381364e+00 4.039215686274509887e-01 0.000000000000000000e+00 1.215686274509803905e-01
1.249233857020801963e+01 -4.023235407899929506e+00 -3.547605970222600380e+00 4.039215686274509887e-01 0.000000000000000000e+00 1.215686274509803905e-01
1.244531948642676689e+01 -2.046319957642319665e+00 -2.716270881215848476e+00 4.039215686274509887e-01 0.000000000000000000e+00 1.215686274509803905e-01
1.152379968762012119e+01 -1.511361052241724678e+00 -3.612228823592781524e+00 4.039215686274509887e-01 0.000000000000000000e+00 1.215686274509803905e-01
1.157634172618218038e+01 -1.653808745537895586e+00 -3.570235013446036554e+00 4.039215686274509887e-01 0.000000000000000000e+00 1.215686274509803905e-01
1.320704343731192054e+01 1.640891143216632653e+00 -5.202986749280182011e+00 4.039215686274509887e-01 0.000000000000000000e+00 1.215686274509803905e-01
-2.258868120394258128e+01 3.082338264047554066e+00 4.602482017976917916e+00 4.039215686274509887e-01 0.000000000000000000e+00 1.215686274509803905e-01
-2.259208373858432850e+01 3.081542289006784507e+00 4.713393781888747469e+00 4.039215686274509887e-01 0.000000000000000000e+00 1.215686274509803905e-01
-2.262458041001783116e+01 3.069730019401760046e+00 4.705981665778685041e+00 4.039215686274509887e-01 0.000000000000000000e+00 1.215686274509803905e-01
-1.619766093667102069e+01 6.902700069726486198e+00 2.712686931080900976e+00 4.039215686274509887e-01 0.000000000000000000e+00 1.215686274509803905e-01
-1.618008117435532256e+01 6.931800917217031177e+00 2.728394726810834836e+00 4.039215686274509887e-01 0.000000000000000000e+00 1.215686274509803905e-01
1.473596498176677549e+01 -1.787679892447945207e+01 4.347524858535427583e+00 4.039215686274509887e-01 0.000000000000000000e+00 1.215686274509803905e-01
2.252805062638612021e+00 8.922661850188928767e+00 -2.274680290916590764e+01 4.935793925413304861e-01 7.225682429834681120e-01 8.435986159169550636e-01
2.323222736093910612e+00 8.767160166224131856e+00 -2.274977266429609557e+01 4.935793925413304861e-01 7.225682429834681120e-01 8.435986159169550636e-01
2.439747219549702528e+00 8.821413825003004305e+00 -2.272576918894629117e+01 5.664744329104193232e-01 7.687043444828914884e-01 8.685121107266436935e-01
2.339594352051304949e+00 8.737008631679771042e+00 -2.273188050322247022e+01 5.421760861207230997e-01 7.533256439830836593e-01 8.602076124567474835e-01
2.339273823425632948e+00 8.733665536508537386e+00 -2.275666936835877152e+01 5.421760861207230997e-01 7.533256439830836593e-01 8.602076124567474835e-01
2.345388523361527255e+00 8.756716973689231409e+00 -2.275794562676182764e+01 3.356401384083045891e-01 6.226066897347174445e-01 7.896193771626297542e-01
2.383482117720223670e+00 8.760187424866987982e+00 -2.275581034827979110e+01 5.178777393310267652e-01 7.379469434832758301e-01 8.519031141868512735e-01
2.418419737918457990e+00 8.709436056267502835e+00 -2.273543930069253349e+01 2.156862745098039325e-01 5.141868512110726597e-01 7.328719723183391155e-01
7.523612537722971227e-01 6.578451677118483332e+00 -1.069133966418074344e+01 4.039215686274509887e-01 0.000000000000000000e+00 1.215686274509803905e-01
7.584512976600626954e-01 6.564920101425395949e+00 -1.068100687980214580e+01 5.870818915801616633e-01 7.799307958477510461e-01 8.747404844290658232e-01
1.247510399256612423e+01 -4.216020562774384750e+00 -3.604104947988706176e+00 5.773933102652828442e-01 7.750096116878125718e-01 8.719723183391003829e-01
1.244891926945354399e+01 -4.185614316216977215e+00 -3.616278489679405350e+00 2.575163398692810746e-01 5.695501730103805782e-01 7.611687812379853701e-01
1.246432929953392232e+01 -4.199241408914956786e+00 -3.558650514095210049e+00 5.664744329104193232e-01 7.687043444828914884e-01 8.685121107266436935e-01
1.251300033853979166e+01 -4.181188694990296106e+00 -3.615444013031252624e+00 6.549019607843139523e-01 8.143790849673204768e-01 8.941176470588235725e-01
1.250927727527237110e+01 -4.108786805281871679e+00 -3.644454348269974275e+00 5.967704728950405935e-01 7.848519800076895203e-01 8.775086505190312636e-01
1.252715291016561139e+01 -4.067841849184670622e+00 -3.596815549032783998e+00 5.870818915801616633e-01 7.799307958477510461e-01 8.747404844290658232e-01
1.254103426526201659e+01 -4.060805429824265289e+00 -3.598288154882465228e+00 5.967704728950405935e-01 7.848519800076895203e-01 8.775086505190312636e-01
1.251581112802645279e+01 -4.030813090288058120e+00 -3.611001652051380351e+00 6.258362168396772729e-01 7.996155324875049430e-01 8.858131487889274736e-01
1.259882804207546769e+01 -4.064339559005283320e+00 -3.588200804812148093e+00 4.039215686274509887e-01 0.000000000000000000e+00 1.215686274509803905e-01
1.258765885227320958e+01 -4.113053231500398255e+00 -3.590581517602466466e+00 7.033448673587083810e-01 8.389850057670128480e-01 9.079584775086505521e-01
1.252668444525116698e+01 -4.011168426281858324e+00 -3.584494746757116879e+00 1.477124183006535973e-01 4.242214532871972366e-01 6.868896578239138684e-01
1.253871659673792749e+01 -3.895656528365338822e+00 -3.601699691767560108e+00 4.039215686274509887e-01 0.000000000000000000e+00 1.215686274509803905e-01
1.266493090710826053e+01 -3.527088245487271401e+00 -3.422262668983893530e+00 2.052287581699346330e-01 5.003460207612456800e-01 7.257977700884274963e-01
1.270709274940817757e+01 -3.506552089435409414e+00 -3.407806588226188538e+00 4.039215686274509887e-01 0.000000000000000000e+00 1.215686274509803905e-01
1.267417692515648753e+01 -3.536608106974878929e+00 -3.377029125967849321e+00 5.300269127258749879e-01 7.456362937331797447e-01 8.560553633217994340e-01
1.279247664407753859e+01 -3.580609607228635749e+00 -3.330077542793843826e+00 4.039215686274509887e-01 0.000000000000000000e+00 1.215686274509803905e-01
1.262760165024155157e+01 -3.729552456857488263e+00 -3.350939458997662435e+00 4.039215686274509887e-01 0.000000000000000000e+00 1.215686274509803905e-01
1.258627811357800752e+01 -3.753208835069167915e+00 -3.347405204958427305e+00 1.790849673202614678e-01 4.657439446366782310e-01 7.081122645136486149e-01
1.255733191307502494e+01 -3.733341298051553014e+00 -3.329635761038939545e+00 2.418300653594771255e-01 5.487889273356401088e-01 7.505574778931179969e-01
1.255543339736912145e+01 -3.664760088538823180e+00 -3.343723690334223786e+00 2.313725490196078538e-01 5.349480968858131291e-01 7.434832756632063777e-01
1.256864903916605414e+01 -3.673834204003599613e+00 -3.327991351173461787e+00 2.627450980392156965e-01 5.764705882352940680e-01 7.647058823529411242e-01
1.257362956088803330e+01 -3.660875730339866241e+00 -3.345368100199701544e+00 2.418300653594771255e-01 5.487889273356401088e-01 7.505574778931179969e-01
1.259185038045507277e+01 -3.654571608016969453e+00 -3.363211174411673277e+00 1.581699346405228690e-01 4.380622837370242717e-01 6.939638600538254876e-01
1.259700349451395063e+01 -3.639893828265173603e+00 -3.357836163060336609e+00 1.790849673202614678e-01 4.657439446366782310e-01 7.081122645136486149e-01
1.269358123503370095e+01 -3.584430287424330785e+00 -3.460304986767327229e+00 4.039215686274509887e-01 0.000000000000000000e+00 1.215686274509803905e-01
1.262069795676554129e+01 -3.582551786328114218e+00 -3.359726007234093981e+00 2.104575163398692828e-01 5.072664359861591699e-01 7.293348712033832504e-01
1.262442102003296185e+01 -3.607004139580563429e+00 -3.396958391800203092e+00 1.895424836601307117e-01 4.795847750865051551e-01 7.151864667435601230e-01
1.264350480128450194e+01 -3.615059406993154312e+00 -3.404812289665169800e+00 1.895424836601307117e-01 4.795847750865051551e-01 7.151864667435601230e-01
1.263704491667480667e+01 -3.596051523019570428e+00 -3.412568013806824840e+00 1.014225297962322303e-01 3.460207612456747683e-01 5.995386389850058118e-01
1.264937294073911112e+01 -3.595032674967385322e+00 -3.412101688621092421e+00 4.039215686274509887e-01 0.000000000000000000e+00 1.215686274509803905e-01
1.262284303295272991e+01 -3.668803641745934208e+00 -3.365616430632819345e+00 2.209150326797387209e-01 5.211072664359863715e-01 7.364090734332949806e-01
1.250488849870547980e+01 -3.856972141383924413e+00 -3.499378128645537878e+00 4.039215686274509887e-01 0.000000000000000000e+00 1.215686274509803905e-01
1.254929404138509952e+01 -3.850285951041457988e+00 -3.510422672518147547e+00 4.039215686274509887e-01 0.000000000000000000e+00 1.215686274509803905e-01
1.259488307437489141e+01 -3.733532332061337389e+00 -3.364291085368106060e+00 1.960784313725490169e-02 1.882352941176470562e-01 3.803921568627450789e-01
1.258373854062076092e+01 -3.740345878410327618e+00 -3.354350995882757314e+00 1.424836601307189476e-01 4.173010380622837467e-01 6.833525567089581143e-01
1.251684668204785389e+01 -3.882602537696713707e+00 -3.370549660229251732e+00 4.039215686274509887e-01 0.000000000000000000e+00 1.215686274509803905e-01
1.255577858204292241e+01 -4.014256809440045259e+00 -3.467275321122485376e+00 4.039215686274509887e-01 0.000000000000000000e+00 1.215686274509803905e-01
1.255203086272737423e+01 -3.936251255444600972e+00 -3.494371268756621074e+00 5.870818915801616633e-01 7.799307958477510461e-01 8.747404844290658232e-01
1.254214378742780234e+01 -3.950578806178457913e+00 -3.498126413673308566e+00 4.039215686274509887e-01 0.000000000000000000e+00 1.215686274509803905e-01
1.254976250629954215e+01 -3.932653448260321039e+00 -3.529443831409864174e+00 5.967704728950405935e-01 7.848519800076895203e-01 8.775086505190312636e-01
1.253398263549723524e+01 -3.995026052455045829e+00 -3.549152206364765583e+00 3.842368319876971472e-01 6.533640907343329918e-01 8.062283737024221741e-01
1.253361279477530488e+01 -4.004641430947545544e+00 -3.552760090696485129e+00 4.328335255670897608e-01 6.841214917339486501e-01 8.228373702422145941e-01
1.250742807166272641e+01 -4.016326344546047089e+00 -3.544488954507441836e+00 4.814302191464823188e-01 7.148788927335641974e-01 8.394463667820070141e-01
1.252256688521369021e+01 -3.991619279280551158e+00 -3.547802317669224603e+00 7.033448673587083810e-01 8.389850057670128480e-01 9.079584775086505521e-01
1.251240859338470379e+01 -4.014097614431891614e+00 -3.519233764185407232e+00 4.039215686274509887e-01 0.000000000000000000e+00 1.215686274509803905e-01
1.251280309015476178e+01 -3.951151908207812369e+00 -3.474810154386688055e+00 4.039215686274509887e-01 0.000000000000000000e+00 1.215686274509803905e-01
1.252495852188216396e+01 -3.970796572214012166e+00 -3.505096748028466713e+00 4.571318723567860398e-01 6.995001922337563682e-01 8.311418685121108041e-01
1.254394367894119178e+01 -3.982035739789682172e+00 -3.510962627996363938e+00 4.571318723567860398e-01 6.995001922337563682e-01 8.311418685121108041e-01
1.256524650452430691e+01 -3.979966204683680342e+00 -3.494420355618277352e+00 4.085351787773934817e-01 6.687427912341408209e-01 8.145328719723183841e-01
1.258879303048712650e+01 -4.145911081183377256e+00 -3.467766189739045490e+00 5.773933102652828442e-01 7.750096116878125718e-01 8.719723183391003829e-01
1.255974820579162810e+01 -4.054087400480168135e+00 -3.486787348630762562e+00 4.039215686274509887e-01 0.000000000000000000e+00 1.215686274509803905e-01
1.253765638666839699e+01 -4.090192828329488606e+00 -3.468207971493950215e+00 4.039215686274509887e-01 0.000000000000000000e+00 1.215686274509803905e-01
1.253634961611758136e+01 -4.073222640460275379e+00 -3.522375323331393915e+00 3.963860053825453145e-01 6.610534409842369064e-01 8.103806228373702236e-01
1.252853364886081344e+01 -4.073318157465167566e+00 -3.510520846241459658e+00 2.575163398692810746e-01 5.695501730103805782e-01 7.611687812379853701e-01
1.251973143967889968e+01 -4.071375978365689541e+00 -3.485093851903628970e+00 6.936562860438295619e-01 8.340638216070743738e-01 9.051903114186852228e-01
1.251028817324564457e+01 -4.038104221661510174e+00 -3.499427215507193711e+00 3.113417916186083101e-01 6.072279892349096153e-01 7.813148788927335442e-01
1.251778361187674093e+01 -4.046923625113239886e+00 -3.496457460377003112e+00 1.843137254901960898e-01 4.726643598615916653e-01 7.116493656286043690e-01
1.251529335101575136e+01 -4.047815117158902076e+00 -3.507624721403753032e+00 2.522875816993463971e-01 5.626297577854670884e-01 7.576316801230295050e-01
1.252947057868970049e+01 -4.053227747436136674e+00 -3.543679021290116804e+00 8.488273740868899075e-01 9.118800461361016296e-01 9.465590157631680324e-01
1.250762532004775451e+01 -4.047210176127916448e+00 -3.577180804370366562e+00 2.470588235294117752e-01 5.557093425605535986e-01 7.540945790080737510e-01
1.251364139579113477e+01 -4.045681904049638788e+00 -3.559779511913299110e+00 3.963860053825453145e-01 6.610534409842369064e-01 8.103806228373702236e-01
1.254998441073269966e+01 -4.040492146783819294e+00 -3.574039245224379879e+00 6.161476355247983427e-01 7.946943483275664688e-01 8.830449826989620332e-01
1.250794584867342607e+01 -4.079494923781541438e+00 -3.564123699169858828e+00 5.967704728950405935e-01 7.848519800076895203e-01 8.775086505190312636e-01
1.251773429978048391e+01 -4.067109552147162965e+00 -3.539433007756869198e+00 5.543252595155715445e-01 7.610149942329877959e-01 8.643598615916957550e-01
1.253311967381273284e+01 -4.074623556532030122e+00 -3.541347395361454709e+00 3.720876585928490354e-01 6.456747404844291882e-01 8.020761245674741247e-01
1.252981576336349967e+01 -4.079813313797849617e+00 -3.525369621892412653e+00 5.967704728950405935e-01 7.848519800076895203e-01 8.775086505190312636e-01
1.252224635658801866e+01 -4.103087623989959631e+00 -3.577548955832786870e+00 6.258362168396772729e-01 7.996155324875049430e-01 8.858131487889274736e-01
1.252333122270567678e+01 -4.150973482442672946e+00 -3.549152206364765583e+00 4.039215686274509887e-01 0.000000000000000000e+00 1.215686274509803905e-01
1.252439143277520728e+01 -4.146356827206208351e+00 -3.456844363020576072e+00 5.773933102652828442e-01 7.750096116878125718e-01 8.719723183391003829e-01
1.250957314784991503e+01 -4.069624833275995890e+00 -3.464624630593058807e+00 3.234909650134564219e-01 6.149173394848135299e-01 7.854671280276817047e-01
1.247239182727197715e+01 -3.843440565690837474e+00 -3.389030863642751967e+00 4.039215686274509887e-01 0.000000000000000000e+00 1.215686274509803905e-01
1.249297962745936275e+01 -3.716785017203540153e+00 -3.413697011624913902e+00 4.039215686274509887e-01 0.000000000000000000e+00 1.215686274509803905e-01
1.244975757508991698e+01 -3.694083809040784150e+00 -3.434141689504655925e+00 4.039215686274509887e-01 0.000000000000000000e+00 1.215686274509803905e-01
1.244078277357110451e+01 -3.814498913208445696e+00 -3.488480845357896154e+00 4.039215686274509887e-01 0.000000000000000000e+00 1.215686274509803905e-01
1.245621745969961225e+01 -3.837231960372832429e+00 -3.476699998560445426e+00 4.039215686274509887e-01 0.000000000000000000e+00 1.215686274509803905e-01
1.250180649268940414e+01 -3.933035516279890675e+00 -3.531652740184386463e+00 4.328335255670897608e-01 6.841214917339486501e-01 8.228373702422145941e-01
1.250096818705303114e+01 -3.975731617466784940e+00 -3.476380933959681396e+00 1.947712418300653892e-01 4.865051903114187004e-01 7.187235678585159881e-01
1.249576576089789626e+01 -3.969905080168349976e+00 -3.510250868502351462e+00 5.300269127258749879e-01 7.456362937331797447e-01 8.560553633217994340e-01
1.250180649268940414e+01 -4.016772090568878184e+00 -3.470515053991784171e+00 6.549019607843139523e-01 8.143790849673204768e-01 8.941176470588235725e-01
1.249108111175346103e+01 -4.012346469342197963e+00 -3.544169889906677362e+00 1.014225297962322303e-01 3.460207612456747683e-01 5.995386389850058118e-01
1.250405019306910681e+01 -3.956246148468739232e+00 -3.526670423726297798e+00 3.963860053825453145e-01 6.610534409842369064e-01 8.103806228373702236e-01
1.249500142340590791e+01 -3.953221443313813754e+00 -3.542550023472027743e+00 2.522875816993463971e-01 5.626297577854670884e-01 7.576316801230295050e-01
1.249877379876958550e+01 -3.997541333583878753e+00 -3.577990737587691150e+00 6.645905420991928825e-01 8.193002691272589511e-01 8.968858131487890128e-01
1.249238788230427666e+01 -4.004068328918191533e+00 -3.560834879438904199e+00 4.039215686274509887e-01 0.000000000000000000e+00 1.215686274509803905e-01
1.248338842473733479e+01 -4.025878045035285346e+00 -3.568467886426418989e+00 3.477893118031527564e-01 6.302960399846213591e-01 7.937716262975778037e-01
1.247739700504208393e+01 -4.060327844799803465e+00 -3.556392518459032370e+00 1.320261437908497038e-01 4.034602076124567671e-01 6.762783544790466062e-01
1.247613954658752533e+01 -4.062270023899282378e+00 -3.563755547707438520e+00 2.418300653594771255e-01 5.487889273356401088e-01 7.505574778931179969e-01
1.248864016298872848e+01 -4.056921071625309239e+00 -3.565988999912788504e+00 4.328335255670897608e-01 6.841214917339486501e-01 8.228373702422145941e-01
1.249389190124012217e+01 -4.025687011025500084e+00 -3.553619110775465550e+00 3.599384851980012012e-01 6.379853902345253847e-01 7.979238754325260752e-01
1.248274736748599167e+01 -4.026132757048331179e+00 -3.545814299772154676e+00 4.085351787773934817e-01 6.687427912341408209e-01 8.145328719723183841e-01
1.246940844544841553e+01 -4.095255229588784296e+00 -3.560368554253171780e+00 4.206843521722416490e-01 6.764321414840447355e-01 8.186851211072664336e-01
1.245675989275844131e+01 -4.086467665138685312e+00 -3.560564901699796003e+00 2.052287581699346330e-01 5.003460207612456800e-01 7.257977700884274963e-01
1.245279026900973562e+01 -4.066854840134116245e+00 -3.542869088072792216e+00 2.000000000000000111e-01 4.934256055363321902e-01 7.222606689734717422e-01
1.248691423961972546e+01 -4.074910107546707572e+00 -3.530180134334704789e+00 6.161476355247983427e-01 7.946943483275664688e-01 8.830449826989620332e-01
1.247655869940571094e+01 -4.064594271018330041e+00 -3.529026593085788033e+00 2.418300653594771255e-01 5.487889273356401088e-01 7.505574778931179969e-01
1.249995728907975767e+01 -4.064275881002021862e+00 -3.548661337748205469e+00 2.522875816993463971e-01 5.626297577854670884e-01 7.576316801230295050e-01
1.247705182036828297e+01 -4.072108275403197197e+00 -3.563608287122470575e+00 3.477893118031527564e-01 6.302960399846213591e-01 7.937716262975778037e-01
1.248553350092452341e+01 -4.099362460799157226e+00 -3.575094612749984524e+00 2.870434448289119755e-01 5.918492887351018972e-01 7.730103806228373342e-01
1.249228925811176261e+01 -4.155940366697077337e+00 -3.550354834475338617e+00 2.748942714340638638e-01 5.841599384851979826e-01 7.688581314878892847e-01
1.249667803467865390e+01 -4.156354273718277703e+00 -3.552171048356612459e+00 5.543252595155715445e-01 7.610149942329877959e-01 8.643598615916957550e-01
1.248632249446463938e+01 -4.155526459675876971e+00 -3.532487216832539190e+00 4.085351787773934817e-01 6.687427912341408209e-01 8.145328719723183841e-01
1.246834823537888504e+01 -4.114772537588461176e+00 -3.533542584358143834e+00 6.258362168396772729e-01 7.996155324875049430e-01 8.858131487889274736e-01
1.244990551137868806e+01 -4.107799796231317302e+00 -3.561178487470496368e+00 4.935793925413304861e-01 7.225682429834681120e-01 8.435986159169550636e-01
1.240616568199854086e+01 -4.096114882632815757e+00 -3.560957596593044006e+00 5.300269127258749879e-01 7.456362937331797447e-01 8.560553633217994340e-01
1.244388943563530781e+01 -4.067841849184670622e+00 -3.575266416765781052e+00 5.178777393310267652e-01 7.379469434832758301e-01 8.519031141868512735e-01
1.244411134006846531e+01 -4.098693841764910140e+00 -3.569940492276100219e+00 6.064590542099195236e-01 7.897731641676279946e-01 8.802768166089965929e-01
1.242884924627685805e+01 -4.160111275910710837e+00 -3.501366146542607360e+00 5.300269127258749879e-01 7.456362937331797447e-01 8.560553633217994340e-01
1.248094747597260401e+01 -4.131615369451150599e+00 -3.523283430272031058e+00 5.178777393310267652e-01 7.379469434832758301e-01 8.519031141868512735e-01
1.248511434810633780e+01 -4.158423808824278645e+00 -3.506471180154835832e+00 5.870818915801616633e-01 7.799307958477510461e-01 8.747404844290658232e-01
1.249389190124012217e+01 -4.091275354384935170e+00 -3.508950066668466317e+00 5.421760861207230997e-01 7.533256439830836593e-01 8.602076124567474835e-01
1.247106040067303212e+01 -4.045904777061053892e+00 -3.500482583032798800e+00 5.543252595155715445e-01 7.610149942329877959e-01 8.643598615916957550e-01
1.247978864171055946e+01 -4.043453173935483314e+00 -3.516067661608592410e+00 5.421760861207230997e-01 7.533256439830836593e-01 8.602076124567474835e-01
1.243121622689720418e+01 -3.886264022884254654e+00 -3.445848906009622237e+00 4.039215686274509887e-01 0.000000000000000000e+00 1.215686274509803905e-01
1.230968656567130637e+01 -4.023649314921129871e+00 -3.542010067993811351e+00 6.258362168396772729e-01 7.996155324875049430e-01 8.858131487889274736e-01
1.243402701638386532e+01 -3.889002177024503126e+00 -3.621064458690869348e+00 4.039215686274509887e-01 0.000000000000000000e+00 1.215686274509803905e-01
1.243000808053890260e+01 -3.897343995451771015e+00 -3.586556394946670778e+00 3.477893118031527564e-01 6.302960399846213591e-01 7.937716262975778037e-01
1.249906967134712943e+01 -3.959366370628556897e+00 -3.609897197664119428e+00 4.039215686274509887e-01 0.000000000000000000e+00 1.215686274509803905e-01
1.247599161029875425e+01 -4.044058114966468054e+00 -3.605086685221827292e+00 4.814302191464823188e-01 7.148788927335641974e-01 8.394463667820070141e-01
1.249256047464117714e+01 -4.071694368381996831e+00 -3.607811006043737834e+00 5.773933102652828442e-01 7.750096116878125718e-01 8.719723183391003829e-01
1.249241253835240428e+01 -4.072649538430920479e+00 -3.643153546436089130e+00 2.870434448289119755e-01 5.918492887351018972e-01 7.730103806228373342e-01
1.248585402955019497e+01 -4.108659449275348763e+00 -3.618561028746411168e+00 2.104575163398692828e-01 5.072664359861591699e-01 7.293348712033832504e-01
1.246723871321309751e+01 -4.123878492054868339e+00 -3.634612432507937196e+00 4.039215686274509887e-01 0.000000000000000000e+00 1.215686274509803905e-01
1.247470949579606625e+01 -4.118020115754801758e+00 -3.599539869854694540e+00 5.664744329104193232e-01 7.687043444828914884e-01 8.685121107266436935e-01
1.248232821466780429e+01 -4.100540503859495978e+00 -3.585132875958645382e+00 6.258362168396772729e-01 7.996155324875049430e-01 8.858131487889274736e-01
1.250456797007980825e+01 -4.132538700498443518e+00 -3.586973633270747364e+00 7.033448673587083810e-01 8.389850057670128480e-01 9.079584775086505521e-01
1.245782010282797003e+01 -4.148076133294271273e+00 -3.608130070644501863e+00 6.064590542099195236e-01 7.897731641676279946e-01 8.802768166089965929e-01
1.243659124538924132e+01 -4.110315077360150227e+00 -3.591735058851383222e+00 3.599384851980012012e-01 6.379853902345253847e-01 7.979238754325260752e-01
1.237310192145808152e+01 -4.084493647037576558e+00 -3.632918935780804048e+00 2.575163398692810746e-01 5.695501730103805782e-01 7.611687812379853701e-01
1.219597287170217648e+01 -3.917307049474278546e+00 -3.742210833257984426e+00 6.258362168396772729e-01 7.996155324875049430e-01 8.858131487889274736e-01
1.245155746660330465e+01 -3.846942855870224776e+00 -3.672973814892135369e+00 4.039215686274509887e-01 0.000000000000000000e+00 1.215686274509803905e-01
1.244075811752297511e+01 -3.802049863570805766e+00 -3.595122052305650406e+00 4.039215686274509887e-01 0.000000000000000000e+00 1.215686274509803905e-01
1.249613560161982484e+01 -3.576884444037832900e+00 -3.377593624876893852e+00 4.039215686274509887e-01 0.000000000000000000e+00 1.215686274509803905e-01
1.186074924134564945e+01 -1.820008334050638554e+00 -3.770411235279381490e+00 4.692810457516342071e-01 7.071895424836602828e-01 8.352941176470588536e-01
1.125371733641937055e+01 -1.402344310657887227e+00 -3.841709901834784890e+00 3.113417916186083101e-01 6.072279892349096153e-01 7.813148788927335442e-01
1.157293919154043138e+01 -1.664060904063010993e+00 -3.598288154882465228e+00 1.947712418300653892e-01 4.865051903114187004e-01 7.187235678585159881e-01
1.157533082820890691e+01 -1.594397168494834593e+00 -3.617162053189213911e+00 5.664744329104193232e-01 7.687043444828914884e-01 8.685121107266436935e-01
1.153940696608552763e+01 -1.615570104579312272e+00 -3.639373858088573499e+00 4.039215686274509887e-01 0.000000000000000000e+00 1.215686274509803905e-01
1.154056580034757218e+01 -1.595893601571481968e+00 -3.613087843671762389e+00 4.039215686274509887e-01 0.000000000000000000e+00 1.215686274509803905e-01
1.151467694981253587e+01 -1.564468506961888439e+00 -3.598484502329089452e+00 4.206843521722416490e-01 6.764321414840447355e-01 8.186851211072664336e-01
1.152754740693566760e+01 -1.559246910694438437e+00 -3.688509806606273145e+00 4.039215686274509887e-01 0.000000000000000000e+00 1.215686274509803905e-01
1.151319758692481976e+01 -1.514799664417850300e+00 -3.683552033579012619e+00 4.206843521722416490e-01 6.764321414840447355e-01 8.186851211072664336e-01
1.147503002442173781e+01 -1.521390337755424760e+00 -3.673587400662835734e+00 3.720876585928490354e-01 6.456747404844291882e-01 8.020761245674741247e-01
1.148745667267855453e+01 -1.500790503700301093e+00 -3.626635817488830238e+00 4.039215686274509887e-01 0.000000000000000000e+00 1.215686274509803905e-01
1.151768498768422688e+01 -1.537596389585498713e+00 -3.622733411987174801e+00 5.178777393310267652e-01 7.379469434832758301e-01 8.519031141868512735e-01
1.148124334855014617e+01 -1.516073224483082127e+00 -3.588814390582848901e+00 3.842368319876971472e-01 6.533640907343329918e-01 8.062283737024221741e-01
1.149401518148076384e+01 -1.516327936496128403e+00 -3.598705393206541814e+00 2.052287581699346330e-01 5.003460207612456800e-01 7.257977700884274963e-01
1.156450682308044797e+01 -1.528872503138661187e+00 -3.597944546850873060e+00 2.991926182237601428e-01 5.995386389850057007e-01 7.771626297577853837e-01
1.156965993713932761e+01 -1.510756111210739716e+00 -3.595072965443994573e+00 3.356401384083045891e-01 6.226066897347174445e-01 7.896193771626297542e-01
1.155787434613385400e+01 -1.490729379184970504e+00 -3.605994792162463991e+00 1.372549019607844645e-01 4.103806228373704235e-01 6.798154555940024713e-01
1.152619132428859494e+01 -1.447555692973614194e+00 -3.622168913078130270e+00 4.039215686274509887e-01 0.000000000000000000e+00 1.215686274509803905e-01
1.151780826792486856e+01 -1.471275749188555526e+00 -3.663230072853410846e+00 3.113417916186083101e-01 6.072279892349096153e-01 7.813148788927335442e-01
1.137426075572012607e+01 -1.445581674872504996e+00 -3.670813992979269358e+00 4.449826989619378725e-01 6.918108419838524537e-01 8.269896193771626436e-01
1.155333763327818986e+01 -1.405018786794873797e+00 -3.565228153557120194e+00 1.477124183006535973e-01 4.242214532871972366e-01 6.868896578239138684e-01
1.152451471301585073e+01 -1.416480827381959573e+00 -3.526842227742093883e+00 4.039215686274509887e-01 0.000000000000000000e+00 1.215686274509803905e-01
1.154532441763639383e+01 -1.433737566265849805e+00 -3.570873142647565057e+00 2.366013071895425035e-01 5.418685121107266189e-01 7.470203767781622428e-01
1.154391902289306238e+01 -1.436380203401205646e+00 -3.572272118204762315e+00 2.104575163398692828e-01 5.072664359861591699e-01 7.293348712033832504e-01
1.153622633587693791e+01 -1.455738316392728215e+00 -3.560245837099031530e+00 4.039215686274509887e-01 0.000000000000000000e+00 1.215686274509803905e-01
1.154517648134762098e+01 -1.474746200366311877e+00 -3.580297820085525107e+00 4.039215686274509887e-01 0.000000000000000000e+00 1.215686274509803905e-01
1.156004407836917025e+01 -1.454146366311188432e+00 -3.573082051422086902e+00 1.895424836601307117e-01 4.795847750865051551e-01 7.151864667435601230e-01
1.156640533878635146e+01 -1.459909225606362160e+00 -3.575634568228201360e+00 4.039215686274509887e-01 0.000000000000000000e+00 1.215686274509803905e-01
1.156709570813395160e+01 -1.507444855041137011e+00 -3.578923387959155988e+00 4.328335255670897608e-01 6.841214917339486501e-01 8.228373702422145941e-01
1.156916681617675557e+01 -1.543391087882303170e+00 -3.556196171012408147e+00 6.452133794694350222e-01 8.094579008073818915e-01 8.913494809688582432e-01
1.155535942922473680e+01 -1.556381400547666827e+00 -3.550060313305402726e+00 3.599384851980012012e-01 6.379853902345253847e-01 7.979238754325260752e-01
1.149142629642726021e+01 -1.505789226956335769e+00 -3.509146414115090540e+00 3.842368319876971472e-01 6.533640907343329918e-01 8.062283737024221741e-01
1.154623669141715148e+01 -1.631871673414278634e+00 -3.499255411491397627e+00 4.039215686274509887e-01 0.000000000000000000e+00 1.215686274509803905e-01
1.151795620421364141e+01 -1.571218375307616766e+00 -3.576518131738009920e+00 4.039215686274509887e-01 0.000000000000000000e+00 1.215686274509803905e-01
1.152868158514958452e+01 -1.595670728560066420e+00 -3.559853142205783083e+00 4.039215686274509887e-01 0.000000000000000000e+00 1.215686274509803905e-01
1.156078375981302919e+01 -1.695645193680758389e+00 -3.504065923933689763e+00 4.039215686274509887e-01 0.000000000000000000e+00 1.215686274509803905e-01
1.155151308571667279e+01 -1.662882861002671797e+00 -3.511011714858019772e+00 4.039215686274509887e-01 0.000000000000000000e+00 1.215686274509803905e-01
1.148028176267313150e+01 -1.638780736768160828e+00 -3.438338616176247697e+00 4.039215686274509887e-01 0.000000000000000000e+00 1.215686274509803905e-01
1.146967966197783007e+01 -1.534762718440358054e+00 -3.411782624020327948e+00 5.773933102652828442e-01 7.750096116878125718e-01 8.719723183391003829e-01
1.176461530969221414e+01 -1.752796201608032955e+00 -3.841071772633255943e+00 5.178777393310267652e-01 7.379469434832758301e-01 8.519031141868512735e-01
1.169220049633849889e+01 -1.396103866338251676e+00 -3.778314220006004476e+00 5.300269127258749879e-01 7.456362937331797447e-01 8.560553633217994340e-01
1.176390028429648460e+01 -1.476561023459267208e+00 -3.775638986045750212e+00 5.664744329104193232e-01 7.687043444828914884e-01 8.685121107266436935e-01
1.169486334953638895e+01 -1.390118134031662400e+00 -3.667598803540798702e+00 5.773933102652828442e-01 7.750096116878125718e-01 8.719723183391003829e-01
1.181735459663930321e+01 -1.532565827327833308e+00 -3.615321295877112373e+00 4.039215686274509887e-01 0.000000000000000000e+00 1.215686274509803905e-01
1.172420404680942951e+01 -1.493308338317064665e+00 -3.754801613272759742e+00 5.870818915801616633e-01 7.799307958477510461e-01 8.747404844290658232e-01
1.177519275433938617e+01 -1.556572434557451645e+00 -3.617186596620042049e+00 4.039215686274509887e-01 0.000000000000000000e+00 1.215686274509803905e-01
1.178727421792240371e+01 -1.548580845148122442e+00 -3.631078178468702067e+00 4.039215686274509887e-01 0.000000000000000000e+00 1.215686274509803905e-01
1.180593884635575819e+01 -1.600669451816100874e+00 -3.630096441235581395e+00 4.039215686274509887e-01 0.000000000000000000e+00 1.215686274509803905e-01
1.174644380222143170e+01 -1.592709701408402401e+00 -3.675649048852389633e+00 5.178777393310267652e-01 7.379469434832758301e-01 8.519031141868512735e-01
1.172467251172387215e+01 -1.608406329212383801e+00 -3.639692922689337973e+00 4.039215686274509887e-01 0.000000000000000000e+00 1.215686274509803905e-01
1.169609615194281815e+01 -1.495568907432851091e+00 -3.689565174131878234e+00 4.039215686274509887e-01 0.000000000000000000e+00 1.215686274509803905e-01
1.165314531610278692e+01 -1.504292793879688395e+00 -3.660554838893156138e+00 4.039215686274509887e-01 0.000000000000000000e+00 1.215686274509803905e-01
1.165829843016166656e+01 -1.536864092547990390e+00 -3.638662098594561023e+00 4.935793925413304861e-01 7.225682429834681120e-01 8.435986159169550636e-01
1.164846066695835169e+01 -1.551669228306309378e+00 -3.606510204209852688e+00 5.300269127258749879e-01 7.456362937331797447e-01 8.560553633217994340e-01
1.167230306549871344e+01 -1.533393641370233818e+00 -3.584322942741320794e+00 6.161476355247983427e-01 7.946943483275664688e-01 8.830449826989620332e-01
1.166991142883023969e+01 -1.531578818277278708e+00 -3.586556394946670778e+00 4.935793925413304861e-01 7.225682429834681120e-01 8.435986159169550636e-01
1.166103525150394127e+01 -1.567811602133121873e+00 -3.609872654233291289e+00 2.627450980392156965e-01 5.764705882352940680e-01 7.647058823529411242e-01
1.166202149342908534e+01 -1.589239250230646050e+00 -3.597969090281700755e+00 6.258362168396772729e-01 7.996155324875049430e-01 8.858131487889274736e-01
1.164846066695835169e+01 -1.600000832781854232e+00 -3.592201384037115641e+00 3.720876585928490354e-01 6.456747404844291882e-01 8.020761245674741247e-01
1.164836204276583764e+01 -1.605859209081920369e+00 -3.604203121712018287e+00 3.963860053825453145e-01 6.610534409842369064e-01 8.103806228373702236e-01
1.159002583289355570e+01 -1.573319749415249102e+00 -3.667230652078378395e+00 4.085351787773934817e-01 6.687427912341408209e-01 8.145328719723183841e-01
1.159207228488823027e+01 -1.620823539848393224e+00 -3.625089581346665035e+00 2.000000000000000111e-01 4.934256055363321902e-01 7.222606689734717422e-01
1.161667902092057858e+01 -1.569244357206507567e+00 -3.593035860685268368e+00 2.313725490196078538e-01 5.349480968858131291e-01 7.434832756632063777e-01
1.160077586987762821e+01 -1.567652407124967784e+00 -3.594876617997370349e+00 5.178777393310267652e-01 7.379469434832758301e-01 8.519031141868512735e-01
1.159485841832676201e+01 -1.587742817153998676e+00 -3.603196841048069476e+00 4.449826989619378725e-01 6.918108419838524537e-01 8.269896193771626436e-01
1.160072655778137118e+01 -1.585832477056151157e+00 -3.609234525031762786e+00 4.449826989619378725e-01 6.918108419838524537e-01 8.269896193771626436e-01
1.158975461636414117e+01 -1.555203357487327631e+00 -3.589943388400937963e+00 4.039215686274509887e-01 0.000000000000000000e+00 1.215686274509803905e-01
1.158608086519297942e+01 -1.541576264789347839e+00 -3.590409713586670382e+00 4.206843521722416490e-01 6.764321414840447355e-01 8.186851211072664336e-01
1.162286768900085931e+01 -1.549058430172584488e+00 -3.602975950170617558e+00 4.328335255670897608e-01 6.841214917339486501e-01 8.228373702422145941e-01
1.162853858007043861e+01 -1.543136375869256671e+00 -3.609799023940807317e+00 4.571318723567860398e-01 6.995001922337563682e-01 8.311418685121108041e-01
1.162548123010249057e+01 -1.527662621076691041e+00 -3.594312119088325819e+00 5.178777393310267652e-01 7.379469434832758301e-01 8.519031141868512735e-01
1.162745371395278049e+01 -1.556954502577021282e+00 -3.597551851957624613e+00 6.064590542099195236e-01 7.897731641676279946e-01 8.802768166089965929e-01
1.161978568298478365e+01 -1.528745147132138049e+00 -3.619076440793799421e+00 5.057285659361786534e-01 7.302575932333719155e-01 8.477508650519032241e-01
1.162370599463723231e+01 -1.499103036613869122e+00 -3.588740760290364928e+00 4.449826989619378725e-01 6.918108419838524537e-01 8.269896193771626436e-01
1.161786251123075253e+01 -1.497733959543745108e+00 -3.594729357412401960e+00 3.720876585928490354e-01 6.456747404844291882e-01 8.020761245674741247e-01
1.163349444574428837e+01 -1.498211544568206932e+00 -3.708365442146142499e+00 4.039215686274509887e-01 0.000000000000000000e+00 1.215686274509803905e-01
1.159229418932138778e+01 -1.665111591116827272e+00 -3.756544196861549167e+00 5.421760861207230997e-01 7.533256439830836593e-01 8.602076124567474835e-01
1.168487765004430301e+01 -1.704751148147165329e+00 -3.614020494043227227e+00 4.814302191464823188e-01 7.148788927335641974e-01 8.394463667820070141e-01
1.158161812048170169e+01 -1.684214992095303565e+00 -3.545765212910498843e+00 4.039215686274509887e-01 0.000000000000000000e+00 1.215686274509803905e-01
1.160375925170118983e+01 -1.635405802595296887e+00 -3.552711003834828851e+00 4.039215686274509887e-01 0.000000000000000000e+00 1.215686274509803905e-01
1.163734078925235060e+01 -1.597294517643236711e+00 -3.577303521524506813e+00 2.104575163398692828e-01 5.072664359861591699e-01 7.293348712033832504e-01
1.161073691332158475e+01 -1.576248937565282171e+00 -3.580469624101321635e+00 5.057285659361786534e-01 7.302575932333719155e-01 8.477508650519032241e-01
1.159059292200051416e+01 -1.500472113683993358e+00 -3.582114033966798949e+00 4.449826989619378725e-01 6.918108419838524537e-01 8.269896193771626436e-01
1.159764455176529552e+01 -1.507381177037875553e+00 -3.575438220781577137e+00 4.935793925413304861e-01 7.225682429834681120e-01 8.435986159169550636e-01
1.159988825214499819e+01 -1.507763245057444967e+00 -3.569302363074571716e+00 5.178777393310267652e-01 7.379469434832758301e-01 8.519031141868512735e-01
1.161983499508104067e+01 -1.506967270016675187e+00 -3.571953053603997841e+00 4.039215686274509887e-01 0.000000000000000000e+00 1.215686274509803905e-01
1.162560451034313402e+01 -1.503528657840549343e+00 -3.560098576514063584e+00 3.477893118031527564e-01 6.302960399846213591e-01 7.937716262975778037e-01
1.162454430027360353e+01 -1.553038305376433614e+00 -3.567412518900813900e+00 4.692810457516342071e-01 7.071895424836602828e-01 8.352941176470588536e-01
1.161983499508104067e+01 -1.593282803437756856e+00 -3.510766280549739715e+00 4.039215686274509887e-01 0.000000000000000000e+00 1.215686274509803905e-01
1.164214871863742928e+01 -1.583476390935472322e+00 -3.511748017782860831e+00 4.039215686274509887e-01 0.000000000000000000e+00 1.215686274509803905e-01
1.168968557942938169e+01 -1.573478944423403192e+00 -3.483891223793055936e+00 3.842368319876971472e-01 6.533640907343329918e-01 8.062283737024221741e-01
1.166244064624727095e+01 -1.511201857233570811e+00 -3.489683473468469188e+00 3.356401384083045891e-01 6.226066897347174445e-01 7.896193771626297542e-01
1.163958448963205328e+01 -1.524860788933181110e+00 -3.534107083267188365e+00 4.039215686274509887e-01 0.000000000000000000e+00 1.215686274509803905e-01
1.166093662731142722e+01 -1.595384177545389193e+00 -3.555950736704127646e+00 1.738562091503268181e-01 4.588235294117647411e-01 7.045751633986928608e-01
1.168961161128499526e+01 -1.573733656436449468e+00 -3.529124766809100144e+00 1.272587466359092756e-01 3.958477508650519172e-01 6.687427912341407099e-01
1.166589249298527697e+01 -1.633368106490926008e+00 -3.534892473053685258e+00 6.064590542099195236e-01 7.897731641676279946e-01 8.802768166089965929e-01
1.170226016397496949e+01 -1.573574461428295601e+00 -3.555852562980815534e+00 2.366013071895425035e-01 5.418685121107266189e-01 7.470203767781622428e-01
1.174770126067599030e+01 -1.554088992430249894e+00 -3.533567127788971973e+00 2.991926182237601428e-01 5.995386389850057007e-01 7.771626297577853837e-01
1.174432338208237248e+01 -1.500567630688885545e+00 -3.546133364372919150e+00 4.039215686274509887e-01 0.000000000000000000e+00 1.215686274509803905e-01
1.174259745871336946e+01 -1.525688602975581842e+00 -3.503525968455473372e+00 1.143406382160707530e-01 3.709342560553633428e-01 6.341407151095732608e-01
1.170756121432262020e+01 -1.574625148482111658e+00 -3.475865521912292699e+00 4.039215686274509887e-01 0.000000000000000000e+00 1.215686274509803905e-01
1.175642950171351764e+01 -1.536895931549621119e+00 -3.498028239949996454e+00 9.711649365628605146e-02 3.377162629757785584e-01 5.880046136101499954e-01
1.177985274743569377e+01 -1.515722995465143441e+00 -3.498175500534964844e+00 2.627450980392156965e-01 5.764705882352940680e-01 7.647058823529411242e-01
1.178207179176726704e+01 -1.558896681676499529e+00 -3.536905034381582880e+00 4.039215686274509887e-01 0.000000000000000000e+00 1.215686274509803905e-01
1.177571053135008761e+01 -1.560552309761300993e+00 -3.535064277069481342e+00 4.039215686274509887e-01 0.000000000000000000e+00 1.215686274509803905e-01
1.175726780734989063e+01 -1.527407909063644764e+00 -3.560442184545655753e+00 4.039215686274509887e-01 0.000000000000000000e+00 1.215686274509803905e-01
1.177073000962810845e+01 -1.607960583189552706e+00 -3.525664143062348987e+00 4.814302191464823188e-01 7.148788927335641974e-01 8.394463667820070141e-01
1.161246283669058776e+01 -1.604394615006903724e+00 -3.426705029963765359e+00 4.039215686274509887e-01 0.000000000000000000e+00 1.215686274509803905e-01
1.171345400982535701e+01 -1.321409568512409649e+00 -3.562822897335973682e+00 2.104575163398692828e-01 5.072664359861591699e-01 7.293348712033832504e-01
1.177413254426985567e+01 -1.446632361926321275e+00 -3.507354743664644836e+00 4.085351787773934817e-01 6.687427912341408209e-01 8.145328719723183841e-01
1.165489589551991756e+01 -1.484075027844134587e+00 -3.498519108566557012e+00 4.039215686274509887e-01 0.000000000000000000e+00 1.215686274509803905e-01
1.162528398171746247e+01 -1.486876859987644295e+00 -3.569719601398647857e+00 2.575163398692810746e-01 5.695501730103805782e-01 7.611687812379853701e-01
1.160696453795790895e+01 -1.471944368222802169e+00 -3.563141961936738156e+00 3.234909650134564219e-01 6.149173394848135299e-01 7.854671280276817047e-01
1.320830089576647914e+01 1.576544520920798664e+00 -5.214743052646803712e+00 4.039215686274509887e-01 0.000000000000000000e+00 1.215686274509803905e-01
1.322864213547257783e+01 1.642292059288387618e+00 -5.202446793801964731e+00 4.814302191464823188e-01 7.148788927335641974e-01 8.394463667820070141e-01
1.325517204325895904e+01 1.646845036521591199e+00 -5.198446214576997626e+00 5.870818915801616633e-01 7.799307958477510461e-01 8.747404844290658232e-01
1.320304915751508545e+01 1.721762207358848551e+00 -5.262774546777242435e+00 5.421760861207230997e-01 7.533256439830836593e-01 8.602076124567474835e-01
1.325285437473486994e+01 1.776143222144244138e+00 -5.175645367337765812e+00 4.039215686274509887e-01 0.000000000000000000e+00 1.215686274509803905e-01
1.326397425244087103e+01 1.661713850283171645e+00 -5.164134498279422836e+00 6.355247981545562030e-01 8.045367166474434173e-01 8.885813148788928029e-01
1.323626085434431765e+01 1.671361067777302312e+00 -5.173338284839931411e+00 6.064590542099195236e-01 7.897731641676279946e-01 8.802768166089965929e-01
1.323914561197536521e+01 1.694890089982458825e+00 -5.180701314088337561e+00 4.039215686274509887e-01 0.000000000000000000e+00 1.215686274509803905e-01
1.319838916441877963e+01 1.651811920775994924e+00 -5.187450757566043791e+00 5.300269127258749879e-01 7.456362937331797447e-01 8.560553633217994340e-01
1.321424300336547297e+01 1.651716403771102515e+00 -5.150856502201463627e+00 4.039215686274509887e-01 0.000000000000000000e+00 1.215686274509803905e-01
1.322597928227468955e+01 1.658975696142923395e+00 -5.137431245538535585e+00 1.843137254901960898e-01 4.726643598615916653e-01 7.116493656286043690e-01
1.322072754402329586e+01 1.619909241141939571e+00 -5.105549328892935002e+00 4.935793925413304861e-01 7.225682429834681120e-01 8.435986159169550636e-01
1.322346436536557057e+01 1.631466798733917756e+00 -5.127736590361466895e+00 3.113417916186083101e-01 6.072279892349096153e-01 7.813148788927335442e-01
1.321979061419440882e+01 1.620163953154986070e+00 -5.192138552854196121e+00 5.543252595155715445e-01 7.610149942329877959e-01 8.643598615916957550e-01
1.324094550348875288e+01 1.599022856072139120e+00 -5.149064831751017479e+00 4.692810457516342071e-01 7.071895424836602828e-01 8.352941176470588536e-01
1.325319955940867089e+01 1.587560815485053345e+00 -5.165435300113307981e+00 4.085351787773934817e-01 6.687427912341408209e-01 8.145328719723183841e-01
1.323796212166519126e+01 1.621087284202278989e+00 -5.175669910768593063e+00 1.100346020761245741e-01 3.626297577854671328e-01 6.226066897347174445e-01
1.326111415085795286e+01 1.602525146251526422e+00 -5.149310266059297980e+00 5.773933102652828442e-01 7.750096116878125718e-01 8.719723183391003829e-01
1.326025118917345225e+01 1.575493833866982607e+00 -5.128841044748727818e+00 2.870434448289119755e-01 5.918492887351018972e-01 7.730103806228373342e-01
1.324040307042992382e+01 1.554416414787397116e+00 -5.155838818659551848e+00 6.645905420991928825e-01 8.193002691272589511e-01 8.968858131487890128e-01
1.335803707605150237e+01 1.573137747746303772e+00 -5.109648081841214662e+00 4.449826989619378725e-01 6.918108419838524537e-01 8.269896193771626436e-01
1.318692410203897758e+01 1.578454861018646405e+00 -5.177044342894962625e+00 6.549019607843139523e-01 8.143790849673204768e-01 8.941176470588235725e-01
1.317920675897472371e+01 1.636624716998106299e+00 -5.184628263020821137e+00 3.720876585928490354e-01 6.456747404844291882e-01 8.020761245674741247e-01
1.318867468145610822e+01 1.658784662133138799e+00 -5.167398774579550214e+00 5.178777393310267652e-01 7.379469434832758301e-01 8.519031141868512735e-01
1.318386675207102954e+01 1.646685841513437110e+00 -5.177289777203243126e+00 4.039215686274509887e-01 0.000000000000000000e+00 1.215686274509803905e-01
1.318832949678230726e+01 1.679830242211093339e+00 -5.190935924743622643e+00 2.522875816993463971e-01 5.626297577854670884e-01 7.576316801230295050e-01
1.319582493541340362e+01 1.677919902113245820e+00 -5.164821714342608061e+00 3.234909650134564219e-01 6.149173394848135299e-01 7.854671280276817047e-01
1.318374347183038786e+01 1.549831598552562806e+00 -5.201415969707188225e+00 4.814302191464823188e-01 7.148788927335641974e-01 8.394463667820070141e-01
-1.852500918918664086e+00 -8.528454138657233230e+00 -1.693153149563609361e+01 4.328335255670897608e-01 6.841214917339486501e-01 8.228373702422145941e-01
-1.831888462683149532e+00 -8.529823215727356356e+00 -1.695823474837698441e+01 3.842368319876971472e-01 6.533640907343329918e-01 8.062283737024221741e-01
-1.838126442859686849e+00 -8.559751877260302066e+00 -1.694363140703431014e+01 1.790849673202614678e-01 4.657439446366782310e-01 7.081122645136486149e-01
-1.298912008159926934e+01 1.857300837301137264e+00 -2.356633260794437845e+01 5.870818915801616633e-01 7.799307958477510461e-01 8.747404844290658232e-01
-1.288852340523455808e+01 1.498156898905784740e+00 -2.359779728626590511e+01 4.039215686274509887e-01 0.000000000000000000e+00 1.215686274509803905e-01
-1.291135490580164635e+01 1.701226051306986786e+00 -2.359519568259813482e+01 4.449826989619378725e-01 6.918108419838524537e-01 8.269896193771626436e-01
-1.285193382981170629e+01 1.654645591921135583e+00 -2.355801238489367933e+01 5.967704728950405935e-01 7.848519800076895203e-01 8.775086505190312636e-01
-1.289320805437899331e+01 1.674385772932227567e+00 -2.364450343513162878e+01 3.599384851980012012e-01 6.379853902345253847e-01 7.979238754325260752e-01
-1.283023650745853317e+01 1.756785109152721569e+00 -2.365262731073570279e+01 4.692810457516342071e-01 7.071895424836602828e-01 8.352941176470588536e-01
-1.279951507149029055e+01 1.605645368411344087e+00 -2.363728766646818968e+01 4.039215686274509887e-01 0.000000000000000000e+00 1.215686274509803905e-01
-1.286502619136799552e+01 1.629492780632808557e+00 -2.363957020553519683e+01 4.039215686274509887e-01 0.000000000000000000e+00 1.215686274509803905e-01
-3.285893614748022884e+01 9.960804337362587191e+00 -6.685729035893458239e+00 4.039215686274509887e-01 0.000000000000000000e+00 1.215686274509803905e-01
-3.283783057028214358e+01 9.968891443776808359e+00 -6.711990506879441654e+00 4.039215686274509887e-01 0.000000000000000000e+00 1.215686274509803905e-01
-3.526403501823322983e+01 1.268988436214606530e+01 -4.440422353453546300e+00 4.206843521722416490e-01 6.764321414840447355e-01 8.186851211072664336e-01
-3.524721959340951827e+01 1.264645596392166205e+01 -4.472279726668318744e+00 4.039215686274509887e-01 0.000000000000000000e+00 1.215686274509803905e-01
-3.523074935325961121e+01 1.272388841588775321e+01 -4.472058835790866382e+00 4.039215686274509887e-01 0.000000000000000000e+00 1.215686274509803905e-01
-2.069549120443570089e+01 1.520602514402279581e+01 5.109448383607280153e-01 5.664744329104193232e-01 7.687043444828914884e-01 8.685121107266436935e-01
-2.667357197764937027e+01 1.701104182447575042e+01 -5.546082110378350860e-01 4.449826989619378725e-01 6.918108419838524537e-01 8.269896193771626436e-01
-3.119009152989553613e+01 2.141854665922814860e+01 4.908955838726424936e+00 3.963860053825453145e-01 6.610534409842369064e-01 8.103806228373702236e-01
-3.118994359360676683e+01 2.151960365040428513e+01 4.875748576816111957e+00 5.543252595155715445e-01 7.610149942329877959e-01 8.643598615916957550e-01
-3.386524809580115658e+01 -8.560388657292918424e+00 7.487390507795074868e+00 5.300269127258749879e-01 7.456362937331797447e-01 8.560553633217994340e-01
-3.394210099781801659e+01 -8.617571504221823275e+00 7.468492066057498491e+00 5.178777393310267652e-01 7.379469434832758301e-01 8.519031141868512735e-01
-3.394631718204801274e+01 -8.572455638910989606e+00 7.504718169959658347e+00 4.039215686274509887e-01 0.000000000000000000e+00 1.215686274509803905e-01
-3.376622940651667193e+01 -8.566788296620707399e+00 7.473057144191511014e+00 5.300269127258749879e-01 7.456362937331797447e-01 8.560553633217994340e-01
-3.378590493292330166e+01 -8.576212641103422740e+00 7.400727653541330220e+00 5.773933102652828442e-01 7.750096116878125718e-01 8.719723183391003829e-01
-3.385205711005234974e+01 -8.645207757637352941e+00 7.421196874851900382e+00 6.355247981545562030e-01 8.045367166474434173e-01 8.885813148788928029e-01
-3.392057626780174928e+01 -8.605281649592336990e+00 7.422767654424894168e+00 5.967704728950405935e-01 7.848519800076895203e-01 8.775086505190312636e-01
-3.385767868902567557e+01 -8.640686619405780533e+00 7.385977051613689781e+00 5.178777393310267652e-01 7.379469434832758301e-01 8.519031141868512735e-01
-2.262790897651519373e+01 2.733510162180578629e+00 4.824624610401341940e+00 4.039215686274509887e-01 0.000000000000000000e+00 1.215686274509803905e-01
-2.258148163788902707e+01 2.872073497277793042e+00 4.662269815473978340e+00 5.543252595155715445e-01 7.610149942329877959e-01 8.643598615916957550e-01
-2.251799231395786904e+01 2.978511279729536110e+00 4.630117921089270006e+00 3.477893118031527564e-01 6.302960399846213591e-01 7.937716262975778037e-01
-2.263483732603933163e+01 2.782765097703416401e+00 4.685561531329771157e+00 4.039215686274509887e-01 0.000000000000000000e+00 1.215686274509803905e-01
-2.267019409905575245e+01 2.970042105295744861e+00 4.696630618633209409e+00 3.356401384083045891e-01 6.226066897347174445e-01 7.896193771626297542e-01
-2.328366123254359721e+01 2.746150245828003822e+00 4.902967241604387461e+00 6.839677047289506318e-01 8.291426374471358995e-01 9.024221453287197825e-01
-2.275385207035611401e+01 2.860834329702122591e+00 4.823790133753189657e+00 2.104575163398692828e-01 5.072664359861591699e-01 7.293348712033832504e-01
-2.263244568937085788e+01 2.757803320424874194e+00 4.827201670638284980e+00 4.039215686274509887e-01 0.000000000000000000e+00 1.215686274509803905e-01
-2.268045101507725292e+01 2.793908748274194220e+00 4.778851111907082228e+00 5.300269127258749879e-01 7.456362937331797447e-01 8.560553633217994340e-01
-2.267768953768684881e+01 2.941960105857384988e+00 4.756369329268613555e+00 4.039215686274509887e-01 0.000000000000000000e+00 1.215686274509803905e-01
-2.265959199836045102e+01 2.935051042503502572e+00 4.706938859580978018e+00 5.773933102652828442e-01 7.750096116878125718e-01 8.719723183391003829e-01
-2.270579743255346017e+01 2.976664617634949828e+00 4.727138103152440429e+00 4.039215686274509887e-01 0.000000000000000000e+00 1.215686274509803905e-01
-2.275168233812079421e+01 2.987330683181265822e+00 4.755240331450524494e+00 4.039215686274509887e-01 0.000000000000000000e+00 1.215686274509803905e-01
-2.276578559765035692e+01 2.967622341171804567e+00 4.772028038136891581e+00 4.039215686274509887e-01 0.000000000000000000e+00 1.215686274509803905e-01
-2.265332936213578563e+01 2.452467294785563023e+00 4.785698729108100125e+00 5.300269127258749879e-01 7.456362937331797447e-01 8.560553633217994340e-01
-2.292607456653442455e+01 3.341157508304275936e+00 4.837289020708601228e+00 2.418300653594771255e-01 5.487889273356401088e-01 7.505574778931179969e-01
-2.276595818998725917e+01 2.989177345275852105e+00 4.740759707261991807e+00 4.039215686274509887e-01 0.000000000000000000e+00 1.215686274509803905e-01
-2.264208620418914109e+01 3.054797527636917476e+00 4.707454271628366271e+00 4.328335255670897608e-01 6.841214917339486501e-01 8.228373702422145941e-01
-2.266861611197552051e+01 3.031045632420345637e+00 4.743778549253838683e+00 4.039215686274509887e-01 0.000000000000000000e+00 1.215686274509803905e-01
-2.263634134497517536e+01 3.039896874873706079e+00 4.746895564968997228e+00 4.039215686274509887e-01 0.000000000000000000e+00 1.215686274509803905e-01
-2.266459717613055957e+01 3.025282773125172131e+00 4.758332803734855787e+00 4.039215686274509887e-01 0.000000000000000000e+00 1.215686274509803905e-01
-2.266089876891126664e+01 3.092685939577562326e+00 4.758848215782244040e+00 1.686274509803921684e-01 4.519031141868511958e-01 7.010380622837369957e-01
-2.268008117435532256e+01 3.075620234703456912e+00 4.768297436651032228e+00 2.418300653594771255e-01 5.487889273356401088e-01 7.505574778931179969e-01
-2.267638276713603318e+01 3.122646440112138766e+00 4.737274540084412955e+00 2.470588235294117752e-01 5.557093425605535986e-01 7.540945790080737510e-01
-2.266218088341395642e+01 3.078804134866536035e+00 4.751755164272945642e+00 4.039215686274509887e-01 0.000000000000000000e+00 1.215686274509803905e-01
-2.266213157131769762e+01 3.071003579466991429e+00 4.733593025460209880e+00 4.039215686274509887e-01 0.000000000000000000e+00 1.215686274509803905e-01
-2.264854608879883813e+01 3.105230506220094888e+00 4.703723670142506919e+00 4.692810457516342071e-01 7.071895424836602828e-01 8.352941176470588536e-01
-2.270143331203469472e+01 3.118507369900135995e+00 4.743484028083902793e+00 2.366013071895425035e-01 5.418685121107266189e-01 7.470203767781622428e-01
-2.267206795871352654e+01 3.151556253592899814e+00 4.724953737808745835e+00 4.039215686274509887e-01 0.000000000000000000e+00 1.215686274509803905e-01
-2.266301918905032764e+01 3.053396611565162733e+00 4.578478542627112624e+00 4.039215686274509887e-01 0.000000000000000000e+00 1.215686274509803905e-01
-2.263069510995372724e+01 3.099149256908613204e+00 4.552658853396033933e+00 2.418300653594771255e-01 5.487889273356401088e-01 7.505574778931179969e-01
-2.267164880589534093e+01 3.133344344660085490e+00 4.627639034575639521e+00 4.085351787773934817e-01 6.687427912341408209e-01 8.145328719723183841e-01
-2.268614656219495984e+01 3.135318362761194688e+00 4.631197832045702789e+00 4.039215686274509887e-01 0.000000000000000000e+00 1.215686274509803905e-01
-2.263192791236015466e+01 3.091125828497653050e+00 4.688531286459961755e+00 2.418300653594771255e-01 5.487889273356401088e-01 7.505574778931179969e-01
-2.264376281546188707e+01 3.079472753900782678e+00 4.665116853450029133e+00 4.039215686274509887e-01 0.000000000000000000e+00 1.215686274509803905e-01
-2.266304384509845704e+01 3.073423343590932166e+00 4.694298992704546869e+00 2.470588235294117752e-01 5.557093425605535986e-01 7.540945790080737510e-01
-2.263096632648313999e+01 3.101409826024399408e+00 4.673731597670665039e+00 2.209150326797387209e-01 5.211072664359863715e-01 7.364090734332949806e-01
-2.264346694288434492e+01 3.168844831478420776e+00 4.697416008419705413e+00 4.039215686274509887e-01 0.000000000000000000e+00 1.215686274509803905e-01
-2.264847212065444992e+01 3.159006579974505513e+00 4.656943890984297951e+00 4.449826989619378725e-01 6.918108419838524537e-01 8.269896193771626436e-01
-2.267724572882053380e+01 3.156554976848934047e+00 4.645482108787612141e+00 5.664744329104193232e-01 7.687043444828914884e-01 8.685121107266436935e-01
-2.265034598031222401e+01 3.143946732203140026e+00 4.612103042861502189e+00 4.039215686274509887e-01 0.000000000000000000e+00 1.215686274509803905e-01
-2.265500597340853162e+01 3.268500906582804788e+00 4.590406650009531297e+00 3.477893118031527564e-01 6.302960399846213591e-01 7.937716262975778037e-01
-2.263047320552056973e+01 3.118411852895243364e+00 4.420099783493887990e+00 6.064590542099195236e-01 7.897731641676279946e-01 8.802768166089965929e-01
-2.250904216848718420e+01 3.087687216321527650e+00 4.699821264640851481e+00 5.870818915801616633e-01 7.799307958477510461e-01 8.747404844290658232e-01
-2.250028927140152746e+01 3.189731216548221227e+00 4.693611776641362532e+00 4.039215686274509887e-01 0.000000000000000000e+00 1.215686274509803905e-01
-2.249703467304855309e+01 3.216762528932764820e+00 4.651986117957037870e+00 4.039215686274509887e-01 0.000000000000000000e+00 1.215686274509803905e-01
-2.253456117830029015e+01 3.183172382212277718e+00 4.661582599410794003e+00 4.039215686274509887e-01 0.000000000000000000e+00 1.215686274509803905e-01
-2.255014380071757074e+01 3.165820126323495298e+00 4.615318232299973289e+00 4.039215686274509887e-01 0.000000000000000000e+00 1.215686274509803905e-01
-2.255258474948230329e+01 3.163750591217493469e+00 4.622730348410035717e+00 4.039215686274509887e-01 0.000000000000000000e+00 1.215686274509803905e-01
-2.254962602370687108e+01 3.171487468613776617e+00 4.616177252378953710e+00 4.039215686274509887e-01 0.000000000000000000e+00 1.215686274509803905e-01
-2.260426382635986187e+01 3.142705011139538929e+00 4.686126030238815687e+00 3.113417916186083101e-01 6.072279892349096153e-01 7.813148788927335442e-01
-2.261328793997493136e+01 3.139552949978090535e+00 4.680456497717543130e+00 1.686274509803921684e-01 4.519031141868511958e-01 7.010380622837369957e-01
-2.259681769982502075e+01 3.138788813938951261e+00 4.648991819396019132e+00 4.449826989619378725e-01 6.918108419838524537e-01 8.269896193771626436e-01
-2.258917432490515509e+01 3.218258962009412194e+00 4.672160818097671253e+00 4.039215686274509887e-01 0.000000000000000000e+00 1.215686274509803905e-01
-2.259600405023677894e+01 3.283656271359062462e+00 4.630608789705831008e+00 4.449826989619378725e-01 6.918108419838524537e-01 8.269896193771626436e-01
-2.260428848240798771e+01 3.241947179222723019e+00 4.616250882671438127e+00 2.870434448289119755e-01 5.918492887351018972e-01 7.730103806228373342e-01
-2.255379289584060487e+01 3.098416959871105103e+00 4.635517475871434812e+00 3.356401384083045891e-01 6.226066897347174445e-01 7.896193771626297542e-01
-2.260268583927962993e+01 3.125957696281741693e+00 4.621527720299462239e+00 2.748942714340638638e-01 5.841599384851979826e-01 7.688581314878892847e-01
-2.261205513756850038e+01 3.122232533090938844e+00 4.624939257184557562e+00 3.720876585928490354e-01 6.456747404844291882e-01 8.020761245674741247e-01
-2.257965709032751178e+01 3.133216988653562574e+00 4.640499792329523032e+00 4.039215686274509887e-01 0.000000000000000000e+00 1.215686274509803905e-01
-2.261294275530113040e+01 3.116310478787611249e+00 4.672111731236014975e+00 4.039215686274509887e-01 0.000000000000000000e+00 1.215686274509803905e-01
-2.262322432737075673e+01 3.082242747042661879e+00 4.688997611645694619e+00 1.947712418300653892e-01 4.865051903114187004e-01 7.187235678585159881e-01
-2.259716288449882171e+01 3.121277363042014752e+00 4.688555829890789894e+00 4.039215686274509887e-01 0.000000000000000000e+00 1.215686274509803905e-01
-2.252085241554078721e+01 3.021748643944153656e+00 4.674860595488754100e+00 4.039215686274509887e-01 0.000000000000000000e+00 1.215686274509803905e-01
-2.257793116695851054e+01 3.006020177138541971e+00 4.685782422207223519e+00 4.039215686274509887e-01 0.000000000000000000e+00 1.215686274509803905e-01
-2.258153094998528587e+01 3.062757278044616172e+00 4.646169324850796478e+00 4.039215686274509887e-01 0.000000000000000000e+00 1.215686274509803905e-01
-2.258569782211901966e+01 3.041584341960138271e+00 4.677020417401619667e+00 4.039215686274509887e-01 0.000000000000000000e+00 1.215686274509803905e-01
-2.259403156638648724e+01 3.036808491715519143e+00 4.688261308720854004e+00 4.039215686274509887e-01 0.000000000000000000e+00 1.215686274509803905e-01
-2.261138942426902787e+01 3.001817428923276854e+00 4.727702602061484960e+00 2.470588235294117752e-01 5.557093425605535986e-01 7.540945790080737510e-01
-2.257657508431143611e+01 3.015826589640826061e+00 4.728463448417152826e+00 4.039215686274509887e-01 0.000000000000000000e+00 1.215686274509803905e-01
-2.258855792370193782e+01 3.039769518867183162e+00 4.755461222327976856e+00 2.575163398692810746e-01 5.695501730103805782e-01 7.611687812379853701e-01
-2.258552522978212096e+01 3.032128158475792645e+00 4.765892180429886160e+00 2.991926182237601428e-01 5.995386389850057007e-01 7.771626297577853837e-01
-2.257622989963763516e+01 3.013788893536455404e+00 4.778900198768737617e+00 4.449826989619378725e-01 6.918108419838524537e-01 8.269896193771626436e-01
-2.256609626385677814e+01 3.021334736922953734e+00 4.739655252874730884e+00 2.991926182237601428e-01 5.995386389850057007e-01 7.771626297577853837e-01
-2.256952345454665476e+01 3.030026784368160087e+00 4.727825319215624766e+00 4.328335255670897608e-01 6.841214917339486501e-01 8.228373702422145941e-01
-2.253108467551415828e+01 3.045054793137894844e+00 4.739655252874730884e+00 3.234909650134564219e-01 6.149173394848135299e-01 7.854671280276817047e-01
-2.257078091300121159e+01 3.108287050376651095e+00 4.732218593333840317e+00 4.039215686274509887e-01 0.000000000000000000e+00 1.215686274509803905e-01
-2.253641038190993484e+01 3.127995392386112350e+00 4.738256277317534071e+00 4.039215686274509887e-01 0.000000000000000000e+00 1.215686274509803905e-01
-2.258804014669123816e+01 3.095233059708025536e+00 4.747656411324665982e+00 4.039215686274509887e-01 0.000000000000000000e+00 1.215686274509803905e-01
-2.258362671407621747e+01 3.117042775825119350e+00 4.704852667960595980e+00 4.039215686274509887e-01 0.000000000000000000e+00 1.215686274509803905e-01
-2.260046679494805488e+01 3.073073114572993259e+00 4.711626654869130348e+00 4.571318723567860398e-01 6.995001922337563682e-01 8.311418685121108041e-01
-2.261496455124767380e+01 3.090648243473191226e+00 4.706079839501997597e+00 4.692810457516342071e-01 7.071895424836602828e-01 8.352941176470588536e-01
-2.260502816385184843e+01 3.073423343590932166e+00 4.704509059929003811e+00 3.842368319876971472e-01 6.533640907343329918e-01 8.062283737024221741e-01
-2.263007870875050997e+01 3.067787840302281577e+00 4.714645496860977225e+00 6.258362168396772729e-01 7.996155324875049430e-01 8.858131487889274736e-01
-2.261326328392680196e+01 3.157414629892965507e+00 4.707626075644162356e+00 4.039215686274509887e-01 0.000000000000000000e+00 1.215686274509803905e-01
-2.258162957417779992e+01 3.187852715452004215e+00 4.720290485951421644e+00 4.039215686274509887e-01 0.000000000000000000e+00 1.215686274509803905e-01
-2.258404586689440308e+01 3.280408693192721437e+00 4.702962823786839053e+00 4.039215686274509887e-01 0.000000000000000000e+00 1.215686274509803905e-01
-2.252834785417188357e+01 3.261241614210983908e+00 4.718621532655116191e+00 4.039215686274509887e-01 0.000000000000000000e+00 1.215686274509803905e-01
-2.256126367842357183e+01 3.177314005912211581e+00 4.752295119751162034e+00 4.039215686274509887e-01 0.000000000000000000e+00 1.215686274509803905e-01
-2.256104177399041433e+01 3.147003276359696233e+00 4.703478235834227306e+00 5.057285659361786534e-01 7.302575932333719155e-01 8.477508650519032241e-01
-1.621731180702951747e+01 6.829597721982183955e+00 2.711189781800391607e+00 4.039215686274509887e-01 0.000000000000000000e+00 1.215686274509803905e-01
-1.628274895876283779e+01 6.873376349224525228e+00 2.693763945912496016e+00 5.543252595155715445e-01 7.610149942329877959e-01 8.643598615916957550e-01
-1.627535214432425548e+01 6.919829452603853071e+00 2.676706261487021177e+00 4.039215686274509887e-01 0.000000000000000000e+00 1.215686274509803905e-01
-1.618276868360134202e+01 6.894549285309002684e+00 2.654862608050081896e+00 4.935793925413304861e-01 7.225682429834681120e-01 8.435986159169550636e-01
-1.618459323116285731e+01 6.892829979220939762e+00 2.682670315178230513e+00 3.599384851980012012e-01 6.379853902345253847e-01 7.979238754325260752e-01
-1.619943617213627718e+01 6.887003441922504798e+00 2.705250271540010409e+00 2.991926182237601428e-01 5.995386389850057007e-01 7.771626297577853837e-01
-1.616832023939797836e+01 6.886844246914350265e+00 2.692242253201158952e+00 3.113417916186083101e-01 6.072279892349096153e-01 7.813148788927335442e-01
-1.616602722692201866e+01 6.892256877191585751e+00 2.691186885675553864e+00 6.839677047289506318e-01 8.291426374471358995e-01 9.024221453287197825e-01
-1.619396252945172776e+01 6.917027620460342696e+00 2.722209782242173137e+00 2.209150326797387209e-01 5.211072664359863715e-01 7.364090734332949806e-01
-1.619517067581002934e+01 6.953164887311293896e+00 2.679307865154791468e+00 4.039215686274509887e-01 0.000000000000000000e+00 1.215686274509803905e-01
-1.618091947999169733e+01 6.910787176140707366e+00 2.617507506329832534e+00 6.258362168396772729e-01 7.996155324875049430e-01 8.858131487889274736e-01
-1.627601785762372799e+01 6.871784399142985222e+00 2.629361983419767235e+00 4.692810457516342071e-01 7.071895424836602828e-01 8.352941176470588536e-01
