3.254395854408306832e+01 -2.852809141060585141e+00 1.435999503845504321e+01 4.039215686274509887e-01 0.000000000000000000e+00 1.215686274509803905e-01
3.243139323264909990e+01 -2.917963114051059126e+00 1.440503777731499824e+01 4.039215686274509887e-01 0.000000000000000000e+00 1.215686274509803905e-01
3.259513797731132456e+01 -2.914291527458358289e+00 1.453975750472745432e+01 4.039215686274509887e-01 0.000000000000000000e+00 1.215686274509803905e-01
-1.318111123267057927e+01 -7.031375086093595961e+00 6.436013238553734084e+00 4.039215686274509887e-01 0.000000000000000000e+00 1.215686274509803905e-01
2.800859223084727034e+01 -8.533632168554836639e-01 -6.206644795012093319e+00 4.039215686274509887e-01 0.000000000000000000e+00 1.215686274509803905e-01
2.816154169716796218e+01 -9.121753584585651220e-01 -6.268544520180581614e+00 4.039215686274509887e-01 0.000000000000000000e+00 1.215686274509803905e-01
5.627600360673248758e+00 1.153356860511929582e+01 -7.390991054395089854e+00 4.039215686274509887e-01 0.000000000000000000e+00 1.215686274509803905e-01
5.574360010670696752e+00 1.145122493126299545e+01 -7.391753567507591605e+00 4.039215686274509887e-01 0.000000000000000000e+00 1.215686274509803905e-01
5.739356026231599905e+00 1.144081097656369828e+01 -7.469094183204251003e+00 4.039215686274509887e-01 0.000000000000000000e+00 1.215686274509803905e-01
5.688372870791368996e+00 1.172782891393310578e+01 -7.356187777331593125e+00 4.039215686274509887e-01 0.000000000000000000e+00 1.215686274509803905e-01
1.333493840205645853e+01 -1.029504840834541390e+01 -5.754610682354049267e+00 4.039215686274509887e-01 0.000000000000000000e+00 1.215686274509803905e-01
1.333285295055866193e+01 -1.027114971743292493e+01 -5.892217066549548576e+00 4.039215686274509887e-01 0.000000000000000000e+00 1.215686274509803905e-01
1.214375304123900001e+01 9.705786043152928144e+00 -2.040730774569819062e+01 4.039215686274509887e-01 0.000000000000000000e+00 1.215686274509803905e-01
1.242408679198976351e+01 5.966642257146345329e+00 -1.613097081511847364e+01 4.039215686274509887e-01 0.000000000000000000e+00 1.215686274509803905e-01
-2.273193975534899991e+00 1.021109649248836959e+01 -1.503120904600091023e+01 4.039215686274509887e-01 0.000000000000000000e+00 1.215686274509803905e-01
-2.227485785647917105e+00 1.020335278258376555e+01 -1.504575126036077393e+01 4.039215686274509887e-01 0.000000000000000000e+00 1.215686274509803905e-01
-1.900069900493976283e+00 7.355303062625687893e+00 -1.677483144079316446e+01 4.039215686274509887e-01 0.000000000000000000e+00 1.215686274509803905e-01
-1.996098808286596915e+00 7.023825549424665304e+00 -1.673341063921759186e+01 1.581699346405228690e-01 4.380622837370242717e-01 6.939638600538254876e-01
-1.952745951855947792e+00 6.993885429664185693e+00 -1.677736407363111582e+01 1.477124183006535973e-01 4.242214532871972366e-01 6.868896578239138684e-01
-2.009617440937014443e+00 7.001495627329057392e+00 -1.671816037696754620e+01 1.738562091503268181e-01 4.588235294117647411e-01 7.045751633986928608e-01
-2.169902789585249181e+00 7.054433230383817310e+00 -1.663817819798829234e+01 1.186466743560169318e-01 3.792387543252595528e-01 6.456747404844290772e-01
-4.718913353255801191e+00 7.112244030188889177e+00 -1.379394982313248796e+01 1.424836601307189476e-01 4.173010380622837467e-01 6.833525567089581143e-01
-3.572626536449711843e+00 7.310109169475532909e+00 -1.475899186483759706e+01 4.039215686274509887e-01 0.000000000000000000e+00 1.215686274509803905e-01
-3.640391442766323760e+00 7.200896157372648432e+00 -1.473086057750849598e+01 4.039215686274509887e-01 0.000000000000000000e+00 1.215686274509803905e-01
7.620457385276182549e-01 6.556899869012913662e+00 -2.042800453018039519e+01 4.039215686274509887e-01 0.000000000000000000e+00 1.215686274509803905e-01
9.356289073147393553e-01 6.472219730961257689e+00 -2.040436662369282672e+01 4.039215686274509887e-01 0.000000000000000000e+00 1.215686274509803905e-01
7.393020498398923390e-01 6.350456568323322948e+00 -2.013977457365453816e+01 4.039215686274509887e-01 0.000000000000000000e+00 1.215686274509803905e-01
8.125381994977801670e-01 6.405597123333703458e+00 -2.022531220531059404e+01 4.544405997693196086e-02 2.380622837370242328e-01 4.495963091118800881e-01
8.794198557682666451e-01 6.366044122312334963e+00 -2.013405572531076970e+01 2.366013071895425035e-01 5.418685121107266189e-01 7.470203767781622428e-01
9.054266626819554853e-01 6.256697597969715474e+00 -2.026142264770981072e+01 1.477124183006535973e-01 4.242214532871972366e-01 6.868896578239138684e-01
8.897735090867352481e-01 6.308867505646001739e+00 -2.028982626115051957e+01 9.281045751633987262e-02 3.294117647058824039e-01 5.764705882352941790e-01
8.311845893604249413e-01 6.344348383355465693e+00 -2.030779978451664647e+01 1.686274509803921684e-01 4.519031141868511958e-01 7.010380622837369957e-01
8.315280754894737170e-01 6.315409605392996006e+00 -2.030499482556708202e+01 1.477124183006535973e-01 4.242214532871972366e-01 6.868896578239138684e-01
8.422006802134874848e-01 6.331364318041278416e+00 -2.016864114148497933e+01 1.686274509803921684e-01 4.519031141868511958e-01 7.010380622837369957e-01
8.252717209960862554e-01 6.256430573490246339e+00 -2.014181701949159731e+01 4.039215686274509887e-01 0.000000000000000000e+00 1.215686274509803905e-01
8.608716047996357590e-01 6.131162714559279081e+00 -1.999791990211795323e+01 4.039215686274509887e-01 0.000000000000000000e+00 1.215686274509803905e-01
7.885187051878732589e-01 6.288907425805682294e+00 -2.012286312212368244e+01 4.039215686274509887e-01 0.000000000000000000e+00 1.215686274509803905e-01
8.162674774703091440e-01 6.305329431293035469e+00 -2.031528875258586453e+01 2.052287581699346330e-01 5.003460207612456800e-01 7.257977700884274963e-01
8.079992756496363615e-01 6.304795382334097198e+00 -2.019301432847389322e+01 1.581699346405228690e-01 4.380622837370242717e-01 6.939638600538254876e-01
7.976456223311677585e-01 6.346718225610754160e+00 -2.021828619163111185e+01 4.039215686274509887e-01 0.000000000000000000e+00 1.215686274509803905e-01
7.792445797035577604e-01 6.295850062271880709e+00 -2.017536759644169564e+01 4.039215686274509887e-01 0.000000000000000000e+00 1.215686274509803905e-01
7.552496201171543522e-01 6.303860796655954779e+00 -2.014767203089116876e+01 1.895424836601307117e-01 4.795847750865051551e-01 7.151864667435601230e-01
-2.005029447641863527e+00 7.090314644812484524e+00 -1.688174667221044700e+01 4.039215686274509887e-01 0.000000000000000000e+00 1.215686274509803905e-01
-2.050933915316874856e+00 7.047891130636823043e+00 -1.683234671556476414e+01 1.372549019607844645e-01 4.103806228373704235e-01 6.798154555940024713e-01
-1.923647769780820527e+00 7.029666709913052536e+00 -1.680791906335353048e+01 1.633986928104575187e-01 4.449826989619377060e-01 6.975009611687812416e-01
-1.840376918210009372e+00 7.280436074194523322e+00 -1.688980752511404049e+01 4.039215686274509887e-01 0.000000000000000000e+00 1.215686274509803905e-01
-1.911552151093604879e+00 7.223392969767925109e+00 -1.691194763798776890e+01 4.039215686274509887e-01 0.000000000000000000e+00 1.215686274509803905e-01
-1.116781635669851447e+01 1.681667057044876179e+00 -1.862610434750403954e+01 4.039215686274509887e-01 0.000000000000000000e+00 1.215686274509803905e-01
-6.975420943317864442e+00 3.841961852070209904e+00 -1.632170802368868578e+01 4.039215686274509887e-01 0.000000000000000000e+00 1.215686274509803905e-01
-7.067916850925984207e+00 3.778476782076418239e+00 -1.630577694615962159e+01 4.039215686274509887e-01 0.000000000000000000e+00 1.215686274509803905e-01
-7.059108885188234872e+00 3.700972926910496064e+00 -1.636789453221739521e+01 4.039215686274509887e-01 0.000000000000000000e+00 1.215686274509803905e-01
-1.396894573909082560e+01 8.541915732298974717e-01 -1.377431511048555457e+01 4.039215686274509887e-01 0.000000000000000000e+00 1.215686274509803905e-01
-1.399976135181119652e+01 9.252200847686927743e-01 -1.374787224504842165e+01 4.039215686274509887e-01 0.000000000000000000e+00 1.215686274509803905e-01
-1.404176479844915448e+01 8.881370601824137845e-01 -1.372426157117201129e+01 4.039215686274509887e-01 0.000000000000000000e+00 1.215686274509803905e-01
-1.740486202268867544e+01 -3.439528678574186760e+00 -1.613698922218501153e+01 1.014225297962322303e-01 3.460207612456747683e-01 5.995386389850058118e-01
-1.737306502102816808e+01 -3.342932573126219609e+00 -1.607639666235224141e+01 4.039215686274509887e-01 0.000000000000000000e+00 1.215686274509803905e-01
-2.217279340670469168e+00 -1.894343724939241724e+01 -1.565366483930321273e+01 4.039215686274509887e-01 0.000000000000000000e+00 1.215686274509803905e-01
-2.275524774267730699e+00 -1.898098756681776678e+01 -1.554269194882297001e+01 4.039215686274509887e-01 0.000000000000000000e+00 1.215686274509803905e-01
-1.332932549735510186e+01 -6.955773780343891488e+00 6.291054049344819710e+00 2.104575163398692828e-01 5.072664359861591699e-01 7.293348712033832504e-01
-1.335270708885391855e+01 -6.981575020672598164e+00 6.417794621687161971e+00 1.057285659361784091e-01 3.543252595155709228e-01 6.110726643598616281e-01
-1.331467826742352401e+01 -7.037783673600856105e+00 6.322861739180628327e+00 1.014225297962322303e-01 3.460207612456747683e-01 5.995386389850058118e-01
-1.325942607009368857e+01 -6.955907292583625612e+00 6.305187774537272638e+00 4.039215686274509887e-01 0.000000000000000000e+00 1.215686274509803905e-01
-1.326291000083118199e+01 -6.980807325294124510e+00 6.357528853188321172e+00 8.419838523644752881e-02 3.128027681660899839e-01 5.534025374855824353e-01
-1.323621622165939549e+01 -7.036615441503178303e+00 6.326756002576622073e+00 1.272587466359092756e-01 3.958477508650519172e-01 6.687427912341407099e-01
-1.324183467334169251e+01 -7.041889174972694398e+00 6.365153984313344004e+00 8.419838523644752881e-02 3.128027681660899839e-01 5.534025374855824353e-01
-1.326376871615380360e+01 -7.027703499500895568e+00 6.387811516799126288e+00 1.960784313725490169e-02 1.882352941176470562e-01 3.803921568627450789e-01
-1.326330255640723799e+01 -7.007776797720509876e+00 6.366760708371830724e+00 9.711649365628605146e-02 3.377162629757785584e-01 5.880046136101499954e-01
-1.324166293027716890e+01 -7.009579212956926320e+00 6.288439718673383361e+00 1.686274509803921684e-01 4.519031141868511958e-01 7.010380622837369957e-01
-1.328516299504883769e+01 -7.150434625876905592e+00 6.531545238505804818e+00 4.039215686274509887e-01 0.000000000000000000e+00 1.215686274509803905e-01
-1.333253954613405767e+01 -7.340689567498678514e+00 6.662724726467356362e+00 4.039215686274509887e-01 0.000000000000000000e+00 1.215686274509803905e-01
-1.332395239290783984e+01 -6.994458951806985070e+00 6.644478876989623473e+00 4.039215686274509887e-01 0.000000000000000000e+00 1.215686274509803905e-01
-1.324379745122197072e+01 -6.952869889129664749e+00 6.485658288699863938e+00 4.039215686274509887e-01 0.000000000000000000e+00 1.215686274509803905e-01
-1.330962411438180837e+01 -7.033311013569747416e+00 6.445653582904655288e+00 1.738562091503268181e-01 4.588235294117647411e-01 7.045751633986928608e-01
-1.332270112200916223e+01 -6.989719267296408134e+00 6.460767682098897069e+00 1.477124183006535973e-01 4.242214532871972366e-01 6.868896578239138684e-01
-1.335143128323173833e+01 -6.948163582679020678e+00 6.486910988813260559e+00 1.100346020761245741e-01 3.626297577854671328e-01 6.226066897347174445e-01
-1.343168436381162145e+01 -7.421965143437103229e+00 6.555809495050073821e+00 4.039215686274509887e-01 0.000000000000000000e+00 1.215686274509803905e-01
-1.309592667266649713e+01 -6.970426748654761084e+00 6.559322501889815804e+00 1.581699346405228690e-01 4.380622837370242717e-01 6.939638600538254876e-01
-1.308876253340348050e+01 -7.043457943789575459e+00 6.433181046993011520e+00 4.544405997693196086e-02 2.380622837370242328e-01 4.495963091118800881e-01
-1.314354857098675211e+01 -6.935079383185032142e+00 6.425773776757274902e+00 5.405613225682430467e-02 2.546712802768166251e-01 4.726643598615917208e-01
-1.318778467746352590e+01 -7.276803960785683145e+00 6.677893290883919697e+00 4.039215686274509887e-01 0.000000000000000000e+00 1.215686274509803905e-01
-1.306785894897851641e+01 -7.152170284993455418e+00 6.442222273898395635e+00 1.686274509803921684e-01 4.519031141868511958e-01 7.010380622837369957e-01
-1.314072707778385229e+01 -7.178238549801631230e+00 6.376836774501325245e+00 1.272587466359092756e-01 3.958477508650519172e-01 6.687427912341407099e-01
-1.317144455161020922e+01 -6.976201153023281698e+00 6.281740496327827827e+00 4.039215686274509887e-01 0.000000000000000000e+00 1.215686274509803905e-01
-1.319904611555162433e+01 -7.018491154959209055e+00 6.232803494071878170e+00 4.039215686274509887e-01 0.000000000000000000e+00 1.215686274509803905e-01
-1.320201481709554514e+01 -7.057777131501108414e+00 6.421933978583602709e+00 7.558631295655518501e-02 2.961937716262975639e-01 5.303344867358708026e-01
-1.319519416396157752e+01 -7.000967673494045584e+00 6.324168904516346501e+00 1.186466743560169318e-01 3.792387543252595528e-01 6.456747404844290772e-01
-1.312293940324382824e+01 -7.041388504073688992e+00 6.360987394805742490e+00 4.039215686274509887e-01 0.000000000000000000e+00 1.215686274509803905e-01
-1.313932859854415369e+01 -7.339454579281134095e+00 6.055845986749028853e+00 4.039215686274509887e-01 0.000000000000000000e+00 1.215686274509803905e-01
-8.016036705994464384e+00 -1.268848895200725302e+01 2.955464829651017666e+01 4.039215686274509887e-01 0.000000000000000000e+00 1.215686274509803905e-01
-7.998322635624952603e+00 -1.254716624624820298e+01 2.957199546981960481e+01 4.039215686274509887e-01 0.000000000000000000e+00 1.215686274509803905e-01
-1.617602055489143764e-01 -5.257564847039930989e+00 2.607203305082300560e+01 4.039215686274509887e-01 0.000000000000000000e+00 1.215686274509803905e-01
-1.115866959842977540e-01 -5.055026779362576050e+00 2.590466142262875593e+01 4.039215686274509887e-01 0.000000000000000000e+00 1.215686274509803905e-01
-8.675755579877598989e-02 -5.099820135793526887e+00 2.599139728917588954e+01 4.039215686274509887e-01 0.000000000000000000e+00 1.215686274509803905e-01
2.683710825300310532e+01 1.122622342925029848e+01 2.032015154971790594e+01 4.039215686274509887e-01 0.000000000000000000e+00 1.215686274509803905e-01
2.691414728480403440e+01 1.123543577379198410e+01 2.036399605368678678e+01 4.039215686274509887e-01 0.000000000000000000e+00 1.215686274509803905e-01
2.682427659261078645e+01 1.118884000212461594e+01 2.006125111541222239e+01 4.039215686274509887e-01 0.000000000000000000e+00 1.215686274509803905e-01
1.060456716224818230e+01 1.664404998349965936e+01 2.056235839338201998e+01 4.039215686274509887e-01 0.000000000000000000e+00 1.215686274509803905e-01
1.069887863939555928e+01 1.651944968576736272e+01 2.068087471715380232e+01 4.039215686274509887e-01 0.000000000000000000e+00 1.215686274509803905e-01
1.065903424842590752e+01 1.658760768415186604e+01 2.061889329415183170e+01 4.039215686274509887e-01 0.000000000000000000e+00 1.215686274509803905e-01
7.226896312247593102e+00 1.578918649541412589e-01 2.094764537608495658e+01 4.039215686274509887e-01 0.000000000000000000e+00 1.215686274509803905e-01
7.265072342019007756e+00 2.268843148369842633e-01 2.104508365881828169e+01 4.039215686274509887e-01 0.000000000000000000e+00 1.215686274509803905e-01
7.293679829624065469e+00 1.931724743040033887e-01 2.102504045700393576e+01 4.039215686274509887e-01 0.000000000000000000e+00 1.215686274509803905e-01
3.132080443854057350e+01 -1.561367536847198245e+01 9.092173200733084215e+00 4.039215686274509887e-01 0.000000000000000000e+00 1.215686274509803905e-01
3.019210901848648021e+01 -4.053751737473111127e+00 1.429708770667360618e+01 4.039215686274509887e-01 0.000000000000000000e+00 1.215686274509803905e-01
2.575554403679919702e+01 -1.313969356619025852e+01 2.847179797892346542e+01 4.039215686274509887e-01 0.000000000000000000e+00 1.215686274509803905e-01
2.497749888505683913e+01 -1.107596149855295842e+01 2.744088025082039195e+01 1.143406382160707530e-01 3.709342560553633428e-01 6.341407151095732608e-01
2.495963760634630546e+01 -1.107883201170725229e+01 2.736375749601301877e+01 4.039215686274509887e-01 0.000000000000000000e+00 1.215686274509803905e-01
2.493679577876456577e+01 -1.109228336986051033e+01 2.747034593609637199e+01 4.039215686274509887e-01 0.000000000000000000e+00 1.215686274509803905e-01
3.727484164222736318e+00 -3.044532717319438753e+00 2.475988414726239739e+01 4.039215686274509887e-01 0.000000000000000000e+00 1.215686274509803905e-01
3.774639902796424806e+00 -3.029011919450294243e+00 2.455839005728367042e+01 4.039215686274509887e-01 0.000000000000000000e+00 1.215686274509803905e-01
3.736071317448954154e+00 -2.887322055031973367e+00 2.457374924997835919e+01 4.039215686274509887e-01 0.000000000000000000e+00 1.215686274509803905e-01
3.726846261411645767e+00 -2.917462443152054163e+00 2.451922956243444673e+01 4.039215686274509887e-01 0.000000000000000000e+00 1.215686274509803905e-01
3.868656963261760229e+00 -2.936855095973501584e+00 2.442247209498014016e+01 4.039215686274509887e-01 0.000000000000000000e+00 1.215686274509803905e-01
5.344445116719586331e+00 -3.444368497264564954e+00 2.565243297805746892e+01 4.039215686274509887e-01 0.000000000000000000e+00 1.215686274509803905e-01
1.331067356051151584e+01 3.101901243318223322e+01 2.047025770243621068e+01 4.039215686274509887e-01 0.000000000000000000e+00 1.215686274509803905e-01
